0.0 0.0 0.0 -1.47243e-46 -9.79052e-47 -1.47102e-46 3.922498e-46
0.05 0.0 0.0 -4.14417e-11 1.309897e-14 4.14286e-11 6.911974e-18
0.1 0.0 0.0 -5.49278e-11 3.633735e-14 5.489149e-11 7.917857e-18
0.15 0.0 0.0 -6.73822e-11 7.283804e-14 6.730931e-11 8.088447e-18
0.2 0.0 0.0 -8.17655e-11 1.264367e-13 8.163903e-11 8.149856e-18
0.25 0.0 0.0 -9.8889e-11 2.018227e-13 9.868716e-11 8.20868e-18
0.3 0.0 0.0 -1.19418e-10 3.047051e-13 1.191133e-10 8.28384e-18
0.35 0.0 0.0 -1.44083e-10 4.420077e-13 1.436414e-10 8.382725e-18
0.4 0.0 0.0 -1.73741e-10 6.220994e-13 1.731189e-10 8.512302e-18
0.45 0.0 0.0 -2.09409e-10 8.550632e-13 2.085544e-10 8.680993e-18
0.5 0.0 0.0 -2.52307e-10 1.153014e-12 2.511544e-10 8.899307e-18
0.55 0.0 0.0 -3.03897e-10 1.53047e-12 3.023665e-10 9.180379e-18
0.6 0.0 0.0 -3.65936e-10 2.004787e-12 3.639316e-10 9.540603e-18
0.65 0.0 0.0 -4.40546e-10 2.59667e-12 4.37949e-10 1.00004e-17
0.7 0.0 0.0 -5.30289e-10 3.330766e-12 5.269578e-10 1.058515e-17
0.75 0.0 0.0 -6.38276e-10 4.236364e-12 6.3404e-10 1.132638e-17
0.8 0.0 0.0 -7.68296e-10 5.348203e-12 7.629481e-10 1.226312e-17
0.85 0.0 0.0 -9.24975e-10 6.707421e-12 9.182673e-10 1.344371e-17
0.9 0.0 0.0 -1.11398e-09 8.36266e-12 1.105616e-09 1.492781e-17
0.95 0.0 0.0 -1.34227e-09 1.037135e-11 1.3319e-09 3.353732e-17
1.0 0.0 0.0 -1.61843e-09 1.280122e-11 1.605624e-09 1.872833e-16
1.05 0.0 0.0 -1.95302e-09 1.5732e-11 1.937286e-09 1.094022e-15
1.1 0.0 0.0 -2.35913e-09 1.925749e-11 2.339864e-09 1.115107e-14
0.0 0.0 0.05 4.14286e-11 1.309897e-14 -4.14417e-11 6.911974e-18
0.05 0.0 0.05 -1.31059e-14 2.619795e-14 -1.31059e-14 1.380472e-17
0.1 0.0 0.05 -7.41132e-12 4.943633e-14 7.361874e-12 1.479257e-17
0.15 0.0 0.05 -9.86467e-12 8.593702e-14 9.77872e-12 1.493735e-17
0.2 0.0 0.05 -1.2155e-11 1.395357e-13 1.201546e-11 1.49632e-17
0.25 0.0 0.05 -1.48176e-11 2.149217e-13 1.460263e-11 1.497389e-17
0.3 0.0 0.05 -1.8005e-11 3.17804e-13 1.768722e-11 1.498477e-17
0.35 0.0 0.05 -2.1846e-11 4.551067e-13 2.139086e-11 1.499872e-17
0.4 0.0 0.05 -2.6483e-11 6.351983e-13 2.584783e-11 1.501701e-17
0.45 0.0 0.05 -3.20841e-11 8.681622e-13 3.121592e-11 1.50409e-17
0.5 0.0 0.05 -3.88497e-11 1.166113e-12 3.768352e-11 1.507196e-17
0.55 0.0 0.05 -4.70204e-11 1.543569e-12 4.547677e-11 1.511213e-17
0.6 0.0 0.05 -5.68858e-11 2.017886e-12 5.486786e-11 1.516387e-17
0.65 0.0 0.05 -6.8795e-11 2.609769e-12 6.618525e-11 1.523024e-17
0.7 0.0 0.05 -8.31702e-11 3.343865e-12 7.982633e-11 1.531506e-17
0.75 0.0 0.05 -1.00523e-10 4.249463e-12 9.627345e-11 1.542311e-17
0.8 0.0 0.05 -1.21475e-10 5.361302e-12 1.161141e-10 1.556035e-17
0.85 0.0 0.05 -1.46787e-10 6.72052e-12 1.400662e-10 1.57342e-17
0.9 0.0 0.05 -1.77386e-10 8.375759e-12 1.690102e-10 1.595385e-17
0.95 0.0 0.05 -2.14414e-10 1.038445e-11 2.040291e-10 1.623072e-17
1.0 0.0 0.05 -2.59274e-10 1.281432e-11 2.464594e-10 1.966748e-17
1.05 0.0 0.05 -3.13699e-10 1.57451e-11 2.979537e-10 7.315694e-17
1.1 0.0 0.05 -3.79838e-10 1.927059e-11 3.605612e-10 5.940651e-15
0.0 0.0 0.1 5.489149e-11 3.633735e-14 -5.49278e-11 7.917857e-18
0.05 0.0 0.1 7.361874e-12 4.943633e-14 -7.41132e-12 1.479257e-17
0.1 0.0 0.1 -3.63452e-14 7.267471e-14 -3.63452e-14 1.577273e-17
0.15 0.0 0.1 -1.36608e-12 1.091754e-13 1.256892e-12 1.591429e-17
0.2 0.0 0.1 -1.84654e-12 1.62774e-13 1.683748e-12 1.593551e-17
0.25 0.0 0.1 -2.31805e-12 2.3816e-13 2.079873e-12 1.59398e-17
0.3 0.0 0.1 -2.87999e-12 3.410424e-13 2.538929e-12 1.5942e-17
0.35 0.0 0.1 -3.56555e-12 4.783451e-13 3.08719e-12 1.594433e-17
0.4 0.0 0.1 -4.40505e-12 6.584367e-13 3.746596e-12 1.594721e-17
0.45 0.0 0.1 -5.43289e-12 8.914005e-13 4.541471e-12 1.595087e-17
0.5 0.0 0.1 -6.68984e-12 1.189351e-12 5.500474e-12 1.595553e-17
0.55 0.0 0.1 -8.22473e-12 1.566807e-12 6.657903e-12 1.596148e-17
0.6 0.0 0.1 -1.00962e-11 2.041124e-12 8.055023e-12 1.596907e-17
0.65 0.0 0.1 -1.23746e-11 2.633007e-12 9.741613e-12 1.597874e-17
0.7 0.0 0.1 -1.5145e-11 3.367104e-12 1.177787e-11 1.599105e-17
0.75 0.0 0.1 -1.85095e-11 4.272702e-12 1.42368e-11 1.600671e-17
0.8 0.0 0.1 -2.25918e-11 5.38454e-12 1.720721e-11 1.602658e-17
0.85 0.0 0.1 -2.75413e-11 6.743758e-12 2.079748e-11 1.605176e-17
0.9 0.0 0.1 -3.35394e-11 8.398998e-12 2.51404e-11 1.60836e-17
0.95 0.0 0.1 -4.08069e-11 1.040769e-11 3.039917e-11 1.612382e-17
1.0 0.0 0.1 -4.96126e-11 1.283755e-11 3.677502e-11 1.618213e-17
1.05 0.0 0.1 -6.02852e-11 1.576834e-11 4.451685e-11 4.18433e-17
1.1 0.0 0.1 -7.32329e-11 1.929383e-11 5.393331e-11 5.750774e-15
0.0 0.0 0.15 6.730931e-11 7.283804e-14 -6.73822e-11 8.088447e-18
0.05 0.0 0.15 9.77872e-12 8.593702e-14 -9.86467e-12 1.493735e-17
0.1 0.0 0.15 1.256892e-12 1.091754e-13 -1.36608e-12 1.591429e-17
0.15 0.0 0.15 -7.28461e-14 1.456761e-13 -7.28461e-14 1.605061e-17
0.2 0.0 0.15 -3.5038e-13 1.992747e-13 1.510892e-13 1.607127e-17
0.25 0.0 0.15 -5.00153e-13 2.746607e-13 2.254765e-13 1.607474e-17
0.3 0.0 0.15 -6.72232e-13 3.775431e-13 2.946725e-13 1.607581e-17
0.35 0.0 0.15 -8.89856e-13 5.148458e-13 3.749939e-13 1.60766e-17
0.4 0.0 0.15 -1.16602e-12 6.949374e-13 4.71067e-13 1.607741e-17
0.45 0.0 0.15 -1.5147e-12 9.279012e-13 5.867837e-13 1.607833e-17
0.5 0.0 0.15 -1.95234e-12 1.225852e-12 7.264743e-13 1.607938e-17
0.55 0.0 0.15 -2.49858e-12 1.603308e-12 8.952519e-13 1.608061e-17
0.6 0.0 0.15 -3.17689e-12 2.077625e-12 1.099247e-12 1.608207e-17
0.65 0.0 0.15 -4.01537e-12 2.669508e-12 1.345848e-12 1.608382e-17
0.7 0.0 0.15 -5.0476e-12 3.403604e-12 1.643983e-12 1.608593e-17
0.75 0.0 0.15 -6.31369e-12 4.309202e-12 2.004467e-12 1.608852e-17
0.8 0.0 0.15 -7.86149e-12 5.421041e-12 2.440435e-12 1.60917e-17
0.85 0.0 0.15 -9.74817e-12 6.780259e-12 2.967895e-12 1.609563e-17
0.9 0.0 0.15 -1.20419e-11 8.435498e-12 3.606413e-12 1.610051e-17
0.95 0.0 0.15 -1.48242e-11 1.044419e-11 4.38e-12 1.610658e-17
1.0 0.0 0.15 -1.81923e-11 1.287406e-11 5.318212e-12 1.612177e-17
1.05 0.0 0.15 -2.22624e-11 1.580484e-11 6.457557e-12 4.117489e-17
1.1 0.0 0.15 -2.71793e-11 1.933033e-11 7.84326e-12 5.745078e-15
0.0 0.0 0.2 8.163903e-11 1.264367e-13 -8.17655e-11 8.149856e-18
0.05 0.0 0.2 1.201546e-11 1.395357e-13 -1.2155e-11 1.49632e-17
0.1 0.0 0.2 1.683748e-12 1.62774e-13 -1.84654e-12 1.593551e-17
0.15 0.0 0.2 1.510892e-13 1.992747e-13 -3.5038e-13 1.607127e-17
0.2 0.0 0.2 -1.26445e-13 2.528734e-13 -1.26445e-13 1.608747e-17
0.25 0.0 0.2 -2.40185e-13 3.282594e-13 -8.80904e-14 1.609085e-17
0.3 0.0 0.2 -3.55883e-13 4.311418e-13 -7.52753e-14 1.609178e-17
0.35 0.0 0.2 -5.05132e-13 5.684444e-13 -6.33288e-14 1.609236e-17
0.4 0.0 0.2 -6.99111e-13 7.485361e-13 -4.94408e-14 1.609291e-17
0.45 0.0 0.2 -9.48709e-13 9.814999e-13 -3.28068e-14 1.609346e-17
0.5 0.0 0.2 -1.26672e-12 1.279451e-12 -1.27456e-14 1.609404e-17
0.55 0.0 0.2 -1.66843e-12 1.656906e-12 1.15031e-14 1.609463e-17
0.6 0.0 0.2 -2.17208e-12 2.131224e-12 4.083866e-14 1.609526e-17
0.65 0.0 0.2 -2.79946e-12 2.723106e-12 7.634115e-14 1.609592e-17
0.7 0.0 0.2 -3.57653e-12 3.457203e-12 1.193141e-13 1.609664e-17
0.75 0.0 0.2 -4.53415e-12 4.362801e-12 1.713351e-13 1.609742e-17
0.8 0.0 0.2 -5.70897e-12 5.474639e-12 2.343174e-13 1.609829e-17
0.85 0.0 0.2 -7.14446e-12 6.833857e-12 3.105883e-13 1.609925e-17
0.9 0.0 0.2 -8.8921e-12 8.489097e-12 4.029872e-13 1.610035e-17
0.95 0.0 0.2 -1.10128e-11 1.049779e-11 5.149899e-13 1.610162e-17
1.0 0.0 0.2 -1.35785e-11 1.292765e-11 6.508666e-13 1.611072e-17
1.05 0.0 0.2 -1.66744e-11 1.585843e-11 8.158807e-13 4.115613e-17
1.1 0.0 0.2 -2.04062e-11 1.938393e-11 1.016542e-12 5.744952e-15
0.0 0.0 0.25 9.868716e-11 2.018227e-13 -9.8889e-11 8.20868e-18
0.05 0.0 0.25 1.460263e-11 2.149217e-13 -1.48176e-11 1.497389e-17
0.1 0.0 0.25 2.079873e-12 2.3816e-13 -2.31805e-12 1.59398e-17
0.15 0.0 0.25 2.254765e-13 2.746607e-13 -5.00153e-13 1.607474e-17
0.2 0.0 0.25 -8.80904e-14 3.282594e-13 -2.40185e-13 1.609085e-17
0.25 0.0 0.25 -2.01831e-13 4.036454e-13 -2.01831e-13 1.609022e-17
0.3 0.0 0.25 -3.11219e-13 5.065278e-13 -1.95325e-13 1.609113e-17
0.35 0.0 0.25 -4.50707e-13 6.438305e-13 -1.9314e-13 1.609169e-17
0.4 0.0 0.25 -6.3284e-13 8.239221e-13 -1.91098e-13 1.60922e-17
0.45 0.0 0.25 -8.6818e-13 1.056886e-12 -1.88722e-13 1.609271e-17
0.5 0.0 0.25 -1.16898e-12 1.354837e-12 -1.85872e-13 1.609322e-17
0.55 0.0 0.25 -1.54988e-12 1.732292e-12 -1.82431e-13 1.609373e-17
0.6 0.0 0.25 -2.02836e-12 2.20661e-12 -1.78266e-13 1.609425e-17
0.65 0.0 0.25 -2.62529e-12 2.798492e-12 -1.73222e-13 1.609477e-17
0.7 0.0 0.25 -3.36549e-12 3.532589e-12 -1.67111e-13 1.60953e-17
0.75 0.0 0.25 -4.2785e-12 4.438187e-12 -1.59705e-13 1.609584e-17
0.8 0.0 0.25 -5.39931e-12 5.550025e-12 -1.50728e-13 1.609639e-17
0.85 0.0 0.25 -6.76941e-12 6.909243e-12 -1.39848e-13 1.609695e-17
0.9 0.0 0.25 -8.43784e-12 8.564483e-12 -1.26655e-13 1.609753e-17
0.95 0.0 0.25 -1.04625e-11 1.057318e-11 -1.10655e-13 1.609813e-17
1.0 0.0 0.25 -1.29118e-11 1.300304e-11 -9.12358e-14 1.610638e-17
1.05 0.0 0.25 -1.58662e-11 1.593382e-11 -6.76494e-14 4.115072e-17
1.1 0.0 0.25 -1.94261e-11 1.945931e-11 -3.89707e-14 5.744945e-15
0.0 0.0 0.3 1.191133e-10 3.047051e-13 -1.19418e-10 8.28384e-18
0.05 0.0 0.3 1.768722e-11 3.17804e-13 -1.8005e-11 1.498477e-17
0.1 0.0 0.3 2.538929e-12 3.410424e-13 -2.87999e-12 1.5942e-17
0.15 0.0 0.3 2.946725e-13 3.775431e-13 -6.72232e-13 1.607581e-17
0.2 0.0 0.3 -7.52753e-14 4.311418e-13 -3.55883e-13 1.609178e-17
0.25 0.0 0.3 -1.95325e-13 5.065278e-13 -3.11219e-13 1.609113e-17
0.3 0.0 0.3 -3.04713e-13 6.094101e-13 -3.04713e-13 1.608837e-17
0.35 0.0 0.3 -4.4311e-13 7.467128e-13 -3.03619e-13 1.608893e-17
0.4 0.0 0.3 -6.23571e-13 9.268044e-13 -3.0325e-13 1.608944e-17
0.45 0.0 0.3 -8.5688e-13 1.159768e-12 -3.02904e-13 1.608994e-17
0.5 0.0 0.3 -1.15523e-12 1.457719e-12 -3.02501e-13 1.609045e-17
0.55 0.0 0.3 -1.53317e-12 1.835175e-12 -3.02018e-13 1.609095e-17
0.6 0.0 0.3 -2.00807e-12 2.309492e-12 -3.01433e-13 1.609145e-17
0.65 0.0 0.3 -2.60067e-12 2.901375e-12 -3.00725e-13 1.609195e-17
0.7 0.0 0.3 -3.33562e-12 3.635471e-12 -2.99866e-13 1.609246e-17
0.75 0.0 0.3 -4.24226e-12 4.541069e-12 -2.98824e-13 1.609296e-17
0.8 0.0 0.3 -5.35536e-12 5.652908e-12 -2.9756e-13 1.609347e-17
0.85 0.0 0.3 -6.71612e-12 7.012126e-12 -2.96026e-13 1.609398e-17
0.9 0.0 0.3 -8.37322e-12 8.667365e-12 -2.94165e-13 1.609449e-17
0.95 0.0 0.3 -1.03842e-11 1.067606e-11 -2.91906e-13 1.6095e-17
1.0 0.0 0.3 -1.28168e-11 1.310592e-11 -2.89163e-13 1.610314e-17
1.05 0.0 0.3 -1.57509e-11 1.60367e-11 -2.8583e-13 4.114733e-17
1.1 0.0 0.3 -1.92862e-11 1.95622e-11 -2.81778e-13 5.744942e-15
0.0 0.0 0.35 1.436414e-10 4.420077e-13 -1.44083e-10 8.382725e-18
0.05 0.0 0.35 2.139086e-11 4.551067e-13 -2.1846e-11 1.499872e-17
0.1 0.0 0.35 3.08719e-12 4.783451e-13 -3.56555e-12 1.594433e-17
0.15 0.0 0.35 3.749939e-13 5.148458e-13 -8.89856e-13 1.60766e-17
0.2 0.0 0.35 -6.33288e-14 5.684444e-13 -5.05132e-13 1.609236e-17
0.25 0.0 0.35 -1.9314e-13 6.438305e-13 -4.50707e-13 1.609169e-17
0.3 0.0 0.35 -3.03619e-13 7.467128e-13 -4.4311e-13 1.608893e-17
0.35 0.0 0.35 -4.42016e-13 8.840155e-13 -4.42016e-13 1.608612e-17
0.4 0.0 0.35 -6.2229e-13 1.064107e-12 -4.41833e-13 1.608663e-17
0.45 0.0 0.35 -8.55316e-13 1.297071e-12 -4.41771e-13 1.608713e-17
0.5 0.0 0.35 -1.15332e-12 1.595022e-12 -4.41713e-13 1.608763e-17
0.55 0.0 0.35 -1.53085e-12 1.972478e-12 -4.41646e-13 1.608813e-17
0.6 0.0 0.35 -2.00525e-12 2.446795e-12 -4.41564e-13 1.608863e-17
0.65 0.0 0.35 -2.59723e-12 3.038677e-12 -4.41466e-13 1.608913e-17
0.7 0.0 0.35 -3.33144e-12 3.772774e-12 -4.41346e-13 1.608963e-17
0.75 0.0 0.35 -4.23719e-12 4.678372e-12 -4.41201e-13 1.609013e-17
0.8 0.0 0.35 -5.3492e-12 5.79021e-12 -4.41025e-13 1.609063e-17
0.85 0.0 0.35 -6.70863e-12 7.149428e-12 -4.40811e-13 1.609113e-17
0.9 0.0 0.35 -8.36413e-12 8.804668e-12 -4.40552e-13 1.609163e-17
0.95 0.0 0.35 -1.03731e-11 1.081336e-11 -4.40236e-13 1.609213e-17
1.0 0.0 0.35 -1.28034e-11 1.324323e-11 -4.39853e-13 1.610025e-17
1.05 0.0 0.35 -1.57347e-11 1.617401e-11 -4.39387e-13 4.114443e-17
1.1 0.0 0.35 -1.92664e-11 1.96995e-11 -4.3882e-13 5.744939e-15
0.0 0.0 0.4 1.731189e-10 6.220994e-13 -1.73741e-10 8.512302e-18
0.05 0.0 0.4 2.584783e-11 6.351983e-13 -2.6483e-11 1.501701e-17
0.1 0.0 0.4 3.746596e-12 6.584367e-13 -4.40505e-12 1.594721e-17
0.15 0.0 0.4 4.71067e-13 6.949374e-13 -1.16602e-12 1.607741e-17
0.2 0.0 0.4 -4.94408e-14 7.485361e-13 -6.99111e-13 1.609291e-17
0.25 0.0 0.4 -1.91098e-13 8.239221e-13 -6.3284e-13 1.60922e-17
0.3 0.0 0.4 -3.0325e-13 9.268044e-13 -6.23571e-13 1.608944e-17
0.35 0.0 0.4 -4.41833e-13 1.064107e-12 -6.2229e-13 1.608663e-17
0.4 0.0 0.4 -6.22107e-13 1.244199e-12 -6.22107e-13 1.608401e-17
0.45 0.0 0.4 -8.55101e-13 1.477163e-12 -6.22077e-13 1.608452e-17
0.5 0.0 0.4 -1.15306e-12 1.775113e-12 -6.22067e-13 1.608502e-17
0.55 0.0 0.4 -1.53053e-12 2.152569e-12 -6.22057e-13 1.608552e-17
0.6 0.0 0.4 -2.00486e-12 2.626886e-12 -6.22046e-13 1.608602e-17
0.65 0.0 0.4 -2.59675e-12 3.218769e-12 -6.22032e-13 1.608652e-17
0.7 0.0 0.4 -3.33087e-12 3.952866e-12 -6.22016e-13 1.608702e-17
0.75 0.0 0.4 -4.23648e-12 4.858464e-12 -6.21996e-13 1.608752e-17
0.8 0.0 0.4 -5.34835e-12 5.970302e-12 -6.21972e-13 1.608802e-17
0.85 0.0 0.4 -6.70759e-12 7.32952e-12 -6.21942e-13 1.608852e-17
0.9 0.0 0.4 -8.36287e-12 8.98476e-12 -6.21906e-13 1.608902e-17
0.95 0.0 0.4 -1.03716e-11 1.099345e-11 -6.21863e-13 1.608952e-17
1.0 0.0 0.4 -1.28015e-11 1.342332e-11 -6.2181e-13 1.609764e-17
1.05 0.0 0.4 -1.57324e-11 1.63541e-11 -6.21745e-13 4.11418e-17
1.1 0.0 0.4 -1.92637e-11 1.987959e-11 -6.21666e-13 5.744936e-15
0.0 0.0 0.45 2.085544e-10 8.550632e-13 -2.09409e-10 8.680993e-18
0.05 0.0 0.45 3.121592e-11 8.681622e-13 -3.20841e-11 1.50409e-17
0.1 0.0 0.45 4.541471e-12 8.914005e-13 -5.43289e-12 1.595087e-17
0.15 0.0 0.45 5.867837e-13 9.279012e-13 -1.5147e-12 1.607833e-17
0.2 0.0 0.45 -3.28068e-14 9.814999e-13 -9.48709e-13 1.609346e-17
0.25 0.0 0.45 -1.88722e-13 1.056886e-12 -8.6818e-13 1.609271e-17
0.3 0.0 0.45 -3.02904e-13 1.159768e-12 -8.5688e-13 1.608994e-17
0.35 0.0 0.45 -4.41771e-13 1.297071e-12 -8.55316e-13 1.608713e-17
0.4 0.0 0.45 -6.22077e-13 1.477163e-12 -8.55101e-13 1.608452e-17
0.45 0.0 0.45 -8.55071e-13 1.710126e-12 -8.55071e-13 1.608212e-17
0.5 0.0 0.45 -1.15303e-12 2.008077e-12 -8.55066e-13 1.608262e-17
0.55 0.0 0.45 -1.53048e-12 2.385533e-12 -8.55065e-13 1.608312e-17
0.6 0.0 0.45 -2.0048e-12 2.85985e-12 -8.55063e-13 1.608362e-17
0.65 0.0 0.45 -2.59669e-12 3.451733e-12 -8.55061e-13 1.608412e-17
0.7 0.0 0.45 -3.33079e-12 4.18583e-12 -8.55059e-13 1.608462e-17
0.75 0.0 0.45 -4.23639e-12 5.091427e-12 -8.55056e-13 1.608512e-17
0.8 0.0 0.45 -5.34823e-12 6.203266e-12 -8.55053e-13 1.608562e-17
0.85 0.0 0.45 -6.70745e-12 7.562484e-12 -8.55049e-13 1.608612e-17
0.9 0.0 0.45 -8.3627e-12 9.217723e-12 -8.55044e-13 1.608662e-17
0.95 0.0 0.45 -1.03714e-11 1.122642e-11 -8.55038e-13 1.608712e-17
1.0 0.0 0.45 -1.28013e-11 1.365628e-11 -8.55031e-13 1.609524e-17
1.05 0.0 0.45 -1.57321e-11 1.658706e-11 -8.55022e-13 4.113941e-17
1.1 0.0 0.45 -1.92633e-11 2.011255e-11 -8.55011e-13 5.744934e-15
0.0 0.0 0.5 2.511544e-10 1.153014e-12 -2.52307e-10 8.899307e-18
0.05 0.0 0.5 3.768352e-11 1.166113e-12 -3.88497e-11 1.507196e-17
0.1 0.0 0.5 5.500474e-12 1.189351e-12 -6.68984e-12 1.595553e-17
0.15 0.0 0.5 7.264743e-13 1.225852e-12 -1.95234e-12 1.607938e-17
0.2 0.0 0.5 -1.27456e-14 1.279451e-12 -1.26672e-12 1.609404e-17
0.25 0.0 0.5 -1.85872e-13 1.354837e-12 -1.16898e-12 1.609322e-17
0.3 0.0 0.5 -3.02501e-13 1.457719e-12 -1.15523e-12 1.609045e-17
0.35 0.0 0.5 -4.41713e-13 1.595022e-12 -1.15332e-12 1.608763e-17
0.4 0.0 0.5 -6.22067e-13 1.775113e-12 -1.15306e-12 1.608502e-17
0.45 0.0 0.5 -8.55066e-13 2.008077e-12 -1.15303e-12 1.608262e-17
0.5 0.0 0.5 -1.15302e-12 2.306028e-12 -1.15302e-12 1.608043e-17
0.55 0.0 0.5 -1.53048e-12 2.683484e-12 -1.15302e-12 1.608093e-17
0.6 0.0 0.5 -2.0048e-12 3.157801e-12 -1.15302e-12 1.608143e-17
0.65 0.0 0.5 -2.59668e-12 3.749684e-12 -1.15302e-12 1.608193e-17
0.7 0.0 0.5 -3.33078e-12 4.48378e-12 -1.15302e-12 1.608243e-17
0.75 0.0 0.5 -4.23637e-12 5.389378e-12 -1.15302e-12 1.608293e-17
0.8 0.0 0.5 -5.34821e-12 6.501217e-12 -1.15302e-12 1.608343e-17
0.85 0.0 0.5 -6.70743e-12 7.860435e-12 -1.15302e-12 1.608393e-17
0.9 0.0 0.5 -8.36267e-12 9.515674e-12 -1.15302e-12 1.608443e-17
0.95 0.0 0.5 -1.03714e-11 1.152437e-11 -1.15302e-12 1.608493e-17
1.0 0.0 0.5 -1.28012e-11 1.395423e-11 -1.15302e-12 1.609305e-17
1.05 0.0 0.5 -1.5732e-11 1.688501e-11 -1.15302e-12 4.113722e-17
1.1 0.0 0.5 -1.92632e-11 2.04105e-11 -1.15301e-12 5.744932e-15
0.0 0.0 0.55 3.023665e-10 1.53047e-12 -3.03897e-10 9.180379e-18
0.05 0.0 0.55 4.547677e-11 1.543569e-12 -4.70204e-11 1.511213e-17
0.1 0.0 0.55 6.657903e-12 1.566807e-12 -8.22473e-12 1.596148e-17
0.15 0.0 0.55 8.952519e-13 1.603308e-12 -2.49858e-12 1.608061e-17
0.2 0.0 0.55 1.15031e-14 1.656906e-12 -1.66843e-12 1.609463e-17
0.25 0.0 0.55 -1.82431e-13 1.732292e-12 -1.54988e-12 1.609373e-17
0.3 0.0 0.55 -3.02018e-13 1.835175e-12 -1.53317e-12 1.609095e-17
0.35 0.0 0.55 -4.41646e-13 1.972478e-12 -1.53085e-12 1.608813e-17
0.4 0.0 0.55 -6.22057e-13 2.152569e-12 -1.53053e-12 1.608552e-17
0.45 0.0 0.55 -8.55065e-13 2.385533e-12 -1.53048e-12 1.608312e-17
0.5 0.0 0.55 -1.15302e-12 2.683484e-12 -1.53048e-12 1.608093e-17
0.55 0.0 0.55 -1.53048e-12 3.06094e-12 -1.53048e-12 1.607892e-17
0.6 0.0 0.55 -2.0048e-12 3.535257e-12 -1.53048e-12 1.607942e-17
0.65 0.0 0.55 -2.59668e-12 4.12714e-12 -1.53048e-12 1.607992e-17
0.7 0.0 0.55 -3.33077e-12 4.861236e-12 -1.53048e-12 1.608042e-17
0.75 0.0 0.55 -4.23637e-12 5.766834e-12 -1.53048e-12 1.608092e-17
0.8 0.0 0.55 -5.34821e-12 6.878673e-12 -1.53048e-12 1.608142e-17
0.85 0.0 0.55 -6.70743e-12 8.23789e-12 -1.53048e-12 1.608192e-17
0.9 0.0 0.55 -8.36267e-12 9.89313e-12 -1.53048e-12 1.608242e-17
0.95 0.0 0.55 -1.03714e-11 1.190182e-11 -1.53048e-12 1.608292e-17
1.0 0.0 0.55 -1.28012e-11 1.433169e-11 -1.53048e-12 1.609103e-17
1.05 0.0 0.55 -1.5732e-11 1.726247e-11 -1.53048e-12 4.11352e-17
1.1 0.0 0.55 -1.92632e-11 2.078796e-11 -1.53048e-12 5.74493e-15
0.0 0.0 0.6 3.639316e-10 2.004787e-12 -3.65936e-10 9.540603e-18
0.05 0.0 0.6 5.486786e-11 2.017886e-12 -5.68858e-11 1.516387e-17
0.1 0.0 0.6 8.055023e-12 2.041124e-12 -1.00962e-11 1.596907e-17
0.15 0.0 0.6 1.099247e-12 2.077625e-12 -3.17689e-12 1.608207e-17
0.2 0.0 0.6 4.083866e-14 2.131224e-12 -2.17208e-12 1.609526e-17
0.25 0.0 0.6 -1.78266e-13 2.20661e-12 -2.02836e-12 1.609425e-17
0.3 0.0 0.6 -3.01433e-13 2.309492e-12 -2.00807e-12 1.609145e-17
0.35 0.0 0.6 -4.41564e-13 2.446795e-12 -2.00525e-12 1.608863e-17
0.4 0.0 0.6 -6.22046e-13 2.626886e-12 -2.00486e-12 1.608602e-17
0.45 0.0 0.6 -8.55063e-13 2.85985e-12 -2.0048e-12 1.608362e-17
0.5 0.0 0.6 -1.15302e-12 3.157801e-12 -2.0048e-12 1.608143e-17
0.55 0.0 0.6 -1.53048e-12 3.535257e-12 -2.0048e-12 1.607942e-17
0.6 0.0 0.6 -2.00479e-12 4.009574e-12 -2.00479e-12 1.607756e-17
0.65 0.0 0.6 -2.59668e-12 4.601457e-12 -2.00479e-12 1.607806e-17
0.7 0.0 0.6 -3.33077e-12 5.335553e-12 -2.00479e-12 1.607856e-17
0.75 0.0 0.6 -4.23637e-12 6.241151e-12 -2.00479e-12 1.607906e-17
0.8 0.0 0.6 -5.34821e-12 7.35299e-12 -2.00479e-12 1.607956e-17
0.85 0.0 0.6 -6.70743e-12 8.712208e-12 -2.00479e-12 1.608006e-17
0.9 0.0 0.6 -8.36267e-12 1.036745e-11 -2.00479e-12 1.608056e-17
0.95 0.0 0.6 -1.03714e-11 1.237614e-11 -2.00479e-12 1.608106e-17
1.0 0.0 0.6 -1.28012e-11 1.4806e-11 -2.00479e-12 1.608918e-17
1.05 0.0 0.6 -1.5732e-11 1.773678e-11 -2.00479e-12 4.113335e-17
1.1 0.0 0.6 -1.92632e-11 2.126228e-11 -2.00479e-12 5.744928e-15
0.0 0.0 0.65 4.37949e-10 2.59667e-12 -4.40546e-10 1.00004e-17
0.05 0.0 0.65 6.618525e-11 2.609769e-12 -6.8795e-11 1.523024e-17
0.1 0.0 0.65 9.741613e-12 2.633007e-12 -1.23746e-11 1.597874e-17
0.15 0.0 0.65 1.345848e-12 2.669508e-12 -4.01537e-12 1.608382e-17
0.2 0.0 0.65 7.634115e-14 2.723106e-12 -2.79946e-12 1.609592e-17
0.25 0.0 0.65 -1.73222e-13 2.798492e-12 -2.62529e-12 1.609477e-17
0.3 0.0 0.65 -3.00725e-13 2.901375e-12 -2.60067e-12 1.609195e-17
0.35 0.0 0.65 -4.41466e-13 3.038677e-12 -2.59723e-12 1.608913e-17
0.4 0.0 0.65 -6.22032e-13 3.218769e-12 -2.59675e-12 1.608652e-17
0.45 0.0 0.65 -8.55061e-13 3.451733e-12 -2.59669e-12 1.608412e-17
0.5 0.0 0.65 -1.15302e-12 3.749684e-12 -2.59668e-12 1.608193e-17
0.55 0.0 0.65 -1.53048e-12 4.12714e-12 -2.59668e-12 1.607992e-17
0.6 0.0 0.65 -2.00479e-12 4.601457e-12 -2.59668e-12 1.607806e-17
0.65 0.0 0.65 -2.59668e-12 5.19334e-12 -2.59668e-12 1.607635e-17
0.7 0.0 0.65 -3.33077e-12 5.927436e-12 -2.59668e-12 1.607685e-17
0.75 0.0 0.65 -4.23637e-12 6.833034e-12 -2.59668e-12 1.607735e-17
0.8 0.0 0.65 -5.34821e-12 7.944872e-12 -2.59668e-12 1.607785e-17
0.85 0.0 0.65 -6.70743e-12 9.30409e-12 -2.59668e-12 1.607835e-17
0.9 0.0 0.65 -8.36267e-12 1.095933e-11 -2.59668e-12 1.607885e-17
0.95 0.0 0.65 -1.03714e-11 1.296802e-11 -2.59668e-12 1.607935e-17
1.0 0.0 0.65 -1.28012e-11 1.539789e-11 -2.59668e-12 1.608747e-17
1.05 0.0 0.65 -1.5732e-11 1.832867e-11 -2.59668e-12 4.113164e-17
1.1 0.0 0.65 -1.92632e-11 2.185416e-11 -2.59668e-12 5.744926e-15
0.0 0.0 0.7 5.269578e-10 3.330766e-12 -5.30289e-10 1.058515e-17
0.05 0.0 0.7 7.982633e-11 3.343865e-12 -8.31702e-11 1.531506e-17
0.1 0.0 0.7 1.177787e-11 3.367104e-12 -1.5145e-11 1.599105e-17
0.15 0.0 0.7 1.643983e-12 3.403604e-12 -5.0476e-12 1.608593e-17
0.2 0.0 0.7 1.193141e-13 3.457203e-12 -3.57653e-12 1.609664e-17
0.25 0.0 0.7 -1.67111e-13 3.532589e-12 -3.36549e-12 1.60953e-17
0.3 0.0 0.7 -2.99866e-13 3.635471e-12 -3.33562e-12 1.609246e-17
0.35 0.0 0.7 -4.41346e-13 3.772774e-12 -3.33144e-12 1.608963e-17
0.4 0.0 0.7 -6.22016e-13 3.952866e-12 -3.33087e-12 1.608702e-17
0.45 0.0 0.7 -8.55059e-13 4.18583e-12 -3.33079e-12 1.608462e-17
0.5 0.0 0.7 -1.15302e-12 4.48378e-12 -3.33078e-12 1.608243e-17
0.55 0.0 0.7 -1.53048e-12 4.861236e-12 -3.33077e-12 1.608042e-17
0.6 0.0 0.7 -2.00479e-12 5.335553e-12 -3.33077e-12 1.607856e-17
0.65 0.0 0.7 -2.59668e-12 5.927436e-12 -3.33077e-12 1.607685e-17
0.7 0.0 0.7 -3.33077e-12 6.661533e-12 -3.33077e-12 1.607527e-17
0.75 0.0 0.7 -4.23637e-12 7.567131e-12 -3.33077e-12 1.607577e-17
0.8 0.0 0.7 -5.34821e-12 8.678969e-12 -3.33077e-12 1.607627e-17
0.85 0.0 0.7 -6.70743e-12 1.003819e-11 -3.33077e-12 1.607677e-17
0.9 0.0 0.7 -8.36267e-12 1.169343e-11 -3.33077e-12 1.607727e-17
0.95 0.0 0.7 -1.03714e-11 1.370212e-11 -3.33077e-12 1.607777e-17
1.0 0.0 0.7 -1.28012e-11 1.613198e-11 -3.33077e-12 1.608589e-17
1.05 0.0 0.7 -1.5732e-11 1.906276e-11 -3.33077e-12 4.113006e-17
1.1 0.0 0.7 -1.92632e-11 2.258826e-11 -3.33077e-12 5.744924e-15
0.0 0.0 0.75 6.3404e-10 4.236364e-12 -6.38276e-10 1.132638e-17
0.05 0.0 0.75 9.627345e-11 4.249463e-12 -1.00523e-10 1.542311e-17
0.1 0.0 0.75 1.42368e-11 4.272702e-12 -1.85095e-11 1.600671e-17
0.15 0.0 0.75 2.004467e-12 4.309202e-12 -6.31369e-12 1.608852e-17
0.2 0.0 0.75 1.713351e-13 4.362801e-12 -4.53415e-12 1.609742e-17
0.25 0.0 0.75 -1.59705e-13 4.438187e-12 -4.2785e-12 1.609584e-17
0.3 0.0 0.75 -2.98824e-13 4.541069e-12 -4.24226e-12 1.609296e-17
0.35 0.0 0.75 -4.41201e-13 4.678372e-12 -4.23719e-12 1.609013e-17
0.4 0.0 0.75 -6.21996e-13 4.858464e-12 -4.23648e-12 1.608752e-17
0.45 0.0 0.75 -8.55056e-13 5.091427e-12 -4.23639e-12 1.608512e-17
0.5 0.0 0.75 -1.15302e-12 5.389378e-12 -4.23637e-12 1.608293e-17
0.55 0.0 0.75 -1.53048e-12 5.766834e-12 -4.23637e-12 1.608092e-17
0.6 0.0 0.75 -2.00479e-12 6.241151e-12 -4.23637e-12 1.607906e-17
0.65 0.0 0.75 -2.59668e-12 6.833034e-12 -4.23637e-12 1.607735e-17
0.7 0.0 0.75 -3.33077e-12 7.567131e-12 -4.23637e-12 1.607577e-17
0.75 0.0 0.75 -4.23637e-12 8.472728e-12 -4.23637e-12 1.607431e-17
0.8 0.0 0.75 -5.34821e-12 9.584567e-12 -4.23637e-12 1.607481e-17
0.85 0.0 0.75 -6.70743e-12 1.094378e-11 -4.23637e-12 1.607531e-17
0.9 0.0 0.75 -8.36267e-12 1.259902e-11 -4.23637e-12 1.607581e-17
0.95 0.0 0.75 -1.03714e-11 1.460772e-11 -4.23637e-12 1.607631e-17
1.0 0.0 0.75 -1.28012e-11 1.703758e-11 -4.23637e-12 1.608443e-17
1.05 0.0 0.75 -1.5732e-11 1.996836e-11 -4.23637e-12 4.11286e-17
1.1 0.0 0.75 -1.92632e-11 2.349385e-11 -4.23637e-12 5.744923e-15
0.0 0.0 0.8 7.629481e-10 5.348203e-12 -7.68296e-10 1.226312e-17
0.05 0.0 0.8 1.161141e-10 5.361302e-12 -1.21475e-10 1.556035e-17
0.1 0.0 0.8 1.720721e-11 5.38454e-12 -2.25918e-11 1.602658e-17
0.15 0.0 0.8 2.440435e-12 5.421041e-12 -7.86149e-12 1.60917e-17
0.2 0.0 0.8 2.343174e-13 5.474639e-12 -5.70897e-12 1.609829e-17
0.25 0.0 0.8 -1.50728e-13 5.550025e-12 -5.39931e-12 1.609639e-17
0.3 0.0 0.8 -2.9756e-13 5.652908e-12 -5.35536e-12 1.609347e-17
0.35 0.0 0.8 -4.41025e-13 5.79021e-12 -5.3492e-12 1.609063e-17
0.4 0.0 0.8 -6.21972e-13 5.970302e-12 -5.34835e-12 1.608802e-17
0.45 0.0 0.8 -8.55053e-13 6.203266e-12 -5.34823e-12 1.608562e-17
0.5 0.0 0.8 -1.15302e-12 6.501217e-12 -5.34821e-12 1.608343e-17
0.55 0.0 0.8 -1.53048e-12 6.878673e-12 -5.34821e-12 1.608142e-17
0.6 0.0 0.8 -2.00479e-12 7.35299e-12 -5.34821e-12 1.607956e-17
0.65 0.0 0.8 -2.59668e-12 7.944872e-12 -5.34821e-12 1.607785e-17
0.7 0.0 0.8 -3.33077e-12 8.678969e-12 -5.34821e-12 1.607627e-17
0.75 0.0 0.8 -4.23637e-12 9.584567e-12 -5.34821e-12 1.607481e-17
0.8 0.0 0.8 -5.34821e-12 1.069641e-11 -5.34821e-12 1.607346e-17
0.85 0.0 0.8 -6.70743e-12 1.205562e-11 -5.34821e-12 1.607396e-17
0.9 0.0 0.8 -8.36267e-12 1.371086e-11 -5.34821e-12 1.607446e-17
0.95 0.0 0.8 -1.03714e-11 1.571956e-11 -5.34821e-12 1.607496e-17
1.0 0.0 0.8 -1.28012e-11 1.814942e-11 -5.34821e-12 1.608308e-17
1.05 0.0 0.8 -1.5732e-11 2.10802e-11 -5.34821e-12 4.112725e-17
1.1 0.0 0.8 -1.92632e-11 2.460569e-11 -5.34821e-12 5.744922e-15
0.0 0.0 0.85 9.182673e-10 6.707421e-12 -9.24975e-10 1.344371e-17
0.05 0.0 0.85 1.400662e-10 6.72052e-12 -1.46787e-10 1.57342e-17
0.1 0.0 0.85 2.079748e-11 6.743758e-12 -2.75413e-11 1.605176e-17
0.15 0.0 0.85 2.967895e-12 6.780259e-12 -9.74817e-12 1.609563e-17
0.2 0.0 0.85 3.105883e-13 6.833857e-12 -7.14446e-12 1.609925e-17
0.25 0.0 0.85 -1.39848e-13 6.909243e-12 -6.76941e-12 1.609695e-17
0.3 0.0 0.85 -2.96026e-13 7.012126e-12 -6.71612e-12 1.609398e-17
0.35 0.0 0.85 -4.40811e-13 7.149428e-12 -6.70863e-12 1.609113e-17
0.4 0.0 0.85 -6.21942e-13 7.32952e-12 -6.70759e-12 1.608852e-17
0.45 0.0 0.85 -8.55049e-13 7.562484e-12 -6.70745e-12 1.608612e-17
0.5 0.0 0.85 -1.15302e-12 7.860435e-12 -6.70743e-12 1.608393e-17
0.55 0.0 0.85 -1.53048e-12 8.23789e-12 -6.70743e-12 1.608192e-17
0.6 0.0 0.85 -2.00479e-12 8.712208e-12 -6.70743e-12 1.608006e-17
0.65 0.0 0.85 -2.59668e-12 9.30409e-12 -6.70743e-12 1.607835e-17
0.7 0.0 0.85 -3.33077e-12 1.003819e-11 -6.70743e-12 1.607677e-17
0.75 0.0 0.85 -4.23637e-12 1.094378e-11 -6.70743e-12 1.607531e-17
0.8 0.0 0.85 -5.34821e-12 1.205562e-11 -6.70743e-12 1.607396e-17
0.85 0.0 0.85 -6.70743e-12 1.341484e-11 -6.70743e-12 1.60727e-17
0.9 0.0 0.85 -8.36267e-12 1.507008e-11 -6.70743e-12 1.60732e-17
0.95 0.0 0.85 -1.03714e-11 1.707877e-11 -6.70743e-12 1.60737e-17
1.0 0.0 0.85 -1.28012e-11 1.950864e-11 -6.70743e-12 1.608182e-17
1.05 0.0 0.85 -1.5732e-11 2.243942e-11 -6.70743e-12 4.112599e-17
1.1 0.0 0.85 -1.92632e-11 2.596491e-11 -6.70743e-12 5.74492e-15
0.0 0.0 0.9 1.105616e-09 8.36266e-12 -1.11398e-09 1.492781e-17
0.05 0.0 0.9 1.690102e-10 8.375759e-12 -1.77386e-10 1.595385e-17
0.1 0.0 0.9 2.51404e-11 8.398998e-12 -3.35394e-11 1.60836e-17
0.15 0.0 0.9 3.606413e-12 8.435498e-12 -1.20419e-11 1.610051e-17
0.2 0.0 0.9 4.029872e-13 8.489097e-12 -8.8921e-12 1.610035e-17
0.25 0.0 0.9 -1.26655e-13 8.564483e-12 -8.43784e-12 1.609753e-17
0.3 0.0 0.9 -2.94165e-13 8.667365e-12 -8.37322e-12 1.609449e-17
0.35 0.0 0.9 -4.40552e-13 8.804668e-12 -8.36413e-12 1.609163e-17
0.4 0.0 0.9 -6.21906e-13 8.98476e-12 -8.36287e-12 1.608902e-17
0.45 0.0 0.9 -8.55044e-13 9.217723e-12 -8.3627e-12 1.608662e-17
0.5 0.0 0.9 -1.15302e-12 9.515674e-12 -8.36267e-12 1.608443e-17
0.55 0.0 0.9 -1.53048e-12 9.89313e-12 -8.36267e-12 1.608242e-17
0.6 0.0 0.9 -2.00479e-12 1.036745e-11 -8.36267e-12 1.608056e-17
0.65 0.0 0.9 -2.59668e-12 1.095933e-11 -8.36267e-12 1.607885e-17
0.7 0.0 0.9 -3.33077e-12 1.169343e-11 -8.36267e-12 1.607727e-17
0.75 0.0 0.9 -4.23637e-12 1.259902e-11 -8.36267e-12 1.607581e-17
0.8 0.0 0.9 -5.34821e-12 1.371086e-11 -8.36267e-12 1.607446e-17
0.85 0.0 0.9 -6.70743e-12 1.507008e-11 -8.36267e-12 1.60732e-17
0.9 0.0 0.9 -8.36267e-12 1.672532e-11 -8.36267e-12 1.607204e-17
0.95 0.0 0.9 -1.03714e-11 1.873401e-11 -8.36267e-12 1.607254e-17
1.0 0.0 0.9 -1.28012e-11 2.116388e-11 -8.36267e-12 1.608066e-17
1.05 0.0 0.9 -1.5732e-11 2.409466e-11 -8.36267e-12 4.112482e-17
1.1 0.0 0.9 -1.92632e-11 2.762015e-11 -8.36267e-12 5.744919e-15
0.0 0.0 0.95 1.3319e-09 1.037135e-11 -1.34227e-09 3.353732e-17
0.05 0.0 0.95 2.040291e-10 1.038445e-11 -2.14414e-10 1.623072e-17
0.1 0.0 0.95 3.039917e-11 1.040769e-11 -4.08069e-11 1.612382e-17
0.15 0.0 0.95 4.38e-12 1.044419e-11 -1.48242e-11 1.610658e-17
0.2 0.0 0.95 5.149899e-13 1.049779e-11 -1.10128e-11 1.610162e-17
0.25 0.0 0.95 -1.10655e-13 1.057318e-11 -1.04625e-11 1.609813e-17
0.3 0.0 0.95 -2.91906e-13 1.067606e-11 -1.03842e-11 1.6095e-17
0.35 0.0 0.95 -4.40236e-13 1.081336e-11 -1.03731e-11 1.609213e-17
0.4 0.0 0.95 -6.21863e-13 1.099345e-11 -1.03716e-11 1.608952e-17
0.45 0.0 0.95 -8.55038e-13 1.122642e-11 -1.03714e-11 1.608712e-17
0.5 0.0 0.95 -1.15302e-12 1.152437e-11 -1.03714e-11 1.608493e-17
0.55 0.0 0.95 -1.53048e-12 1.190182e-11 -1.03714e-11 1.608292e-17
0.6 0.0 0.95 -2.00479e-12 1.237614e-11 -1.03714e-11 1.608106e-17
0.65 0.0 0.95 -2.59668e-12 1.296802e-11 -1.03714e-11 1.607935e-17
0.7 0.0 0.95 -3.33077e-12 1.370212e-11 -1.03714e-11 1.607777e-17
0.75 0.0 0.95 -4.23637e-12 1.460772e-11 -1.03714e-11 1.607631e-17
0.8 0.0 0.95 -5.34821e-12 1.571956e-11 -1.03714e-11 1.607496e-17
0.85 0.0 0.95 -6.70743e-12 1.707877e-11 -1.03714e-11 1.60737e-17
0.9 0.0 0.95 -8.36267e-12 1.873401e-11 -1.03714e-11 1.607254e-17
0.95 0.0 0.95 -1.03714e-11 2.074271e-11 -1.03714e-11 1.607145e-17
1.0 0.0 0.95 -1.28012e-11 2.317257e-11 -1.03714e-11 1.607957e-17
1.05 0.0 0.95 -1.5732e-11 2.610335e-11 -1.03714e-11 4.112374e-17
1.1 0.0 0.95 -1.92632e-11 2.962884e-11 -1.03714e-11 5.744918e-15
0.0 0.0 1.0 1.605624e-09 1.280122e-11 -1.61843e-09 1.872833e-16
0.05 0.0 1.0 2.464594e-10 1.281432e-11 -2.59274e-10 1.966748e-17
0.1 0.0 1.0 3.677502e-11 1.283755e-11 -4.96126e-11 1.618213e-17
0.15 0.0 1.0 5.318212e-12 1.287406e-11 -1.81923e-11 1.612177e-17
0.2 0.0 1.0 6.508666e-13 1.292765e-11 -1.35785e-11 1.611072e-17
0.25 0.0 1.0 -9.12358e-14 1.300304e-11 -1.29118e-11 1.610638e-17
0.3 0.0 1.0 -2.89163e-13 1.310592e-11 -1.28168e-11 1.610314e-17
0.35 0.0 1.0 -4.39853e-13 1.324323e-11 -1.28034e-11 1.610025e-17
0.4 0.0 1.0 -6.2181e-13 1.342332e-11 -1.28015e-11 1.609764e-17
0.45 0.0 1.0 -8.55031e-13 1.365628e-11 -1.28013e-11 1.609524e-17
0.5 0.0 1.0 -1.15302e-12 1.395423e-11 -1.28012e-11 1.609305e-17
0.55 0.0 1.0 -1.53048e-12 1.433169e-11 -1.28012e-11 1.609103e-17
0.6 0.0 1.0 -2.00479e-12 1.4806e-11 -1.28012e-11 1.608918e-17
0.65 0.0 1.0 -2.59668e-12 1.539789e-11 -1.28012e-11 1.608747e-17
0.7 0.0 1.0 -3.33077e-12 1.613198e-11 -1.28012e-11 1.608589e-17
0.75 0.0 1.0 -4.23637e-12 1.703758e-11 -1.28012e-11 1.608443e-17
0.8 0.0 1.0 -5.34821e-12 1.814942e-11 -1.28012e-11 1.608308e-17
0.85 0.0 1.0 -6.70743e-12 1.950864e-11 -1.28012e-11 1.608182e-17
0.9 0.0 1.0 -8.36267e-12 2.116388e-11 -1.28012e-11 1.608066e-17
0.95 0.0 1.0 -1.03714e-11 2.317257e-11 -1.28012e-11 1.607957e-17
1.0 0.0 1.0 -1.28012e-11 2.560243e-11 -1.28012e-11 1.608618e-17
1.05 0.0 1.0 -1.5732e-11 2.853322e-11 -1.28012e-11 4.113035e-17
1.1 0.0 1.0 -1.92632e-11 3.205871e-11 -1.28012e-11 5.744925e-15
0.0 0.0 1.05 1.937286e-09 1.5732e-11 -1.95302e-09 1.094022e-15
0.05 0.0 1.05 2.979537e-10 1.57451e-11 -3.13699e-10 7.315694e-17
0.1 0.0 1.05 4.451685e-11 1.576834e-11 -6.02852e-11 4.18433e-17
0.15 0.0 1.05 6.457557e-12 1.580484e-11 -2.22624e-11 4.117489e-17
0.2 0.0 1.05 8.158807e-13 1.585843e-11 -1.66744e-11 4.115613e-17
0.25 0.0 1.05 -6.76494e-14 1.593382e-11 -1.58662e-11 4.115072e-17
0.3 0.0 1.05 -2.8583e-13 1.60367e-11 -1.57509e-11 4.114733e-17
0.35 0.0 1.05 -4.39387e-13 1.617401e-11 -1.57347e-11 4.114443e-17
0.4 0.0 1.05 -6.21745e-13 1.63541e-11 -1.57324e-11 4.11418e-17
0.45 0.0 1.05 -8.55022e-13 1.658706e-11 -1.57321e-11 4.113941e-17
0.5 0.0 1.05 -1.15302e-12 1.688501e-11 -1.5732e-11 4.113722e-17
0.55 0.0 1.05 -1.53048e-12 1.726247e-11 -1.5732e-11 4.11352e-17
0.6 0.0 1.05 -2.00479e-12 1.773678e-11 -1.5732e-11 4.113335e-17
0.65 0.0 1.05 -2.59668e-12 1.832867e-11 -1.5732e-11 4.113164e-17
0.7 0.0 1.05 -3.33077e-12 1.906276e-11 -1.5732e-11 4.113006e-17
0.75 0.0 1.05 -4.23637e-12 1.996836e-11 -1.5732e-11 4.11286e-17
0.8 0.0 1.05 -5.34821e-12 2.10802e-11 -1.5732e-11 4.112725e-17
0.85 0.0 1.05 -6.70743e-12 2.243942e-11 -1.5732e-11 4.112599e-17
0.9 0.0 1.05 -8.36267e-12 2.409466e-11 -1.5732e-11 4.112482e-17
0.95 0.0 1.05 -1.03714e-11 2.610335e-11 -1.5732e-11 4.112374e-17
1.0 0.0 1.05 -1.28012e-11 2.853322e-11 -1.5732e-11 4.113035e-17
1.05 0.0 1.05 -1.5732e-11 3.1464e-11 -1.5732e-11 6.617308e-17
1.1 0.0 1.05 -1.92632e-11 3.498949e-11 -1.5732e-11 5.769967e-15
0.0 0.0 1.1 2.339864e-09 1.925749e-11 -2.35913e-09 1.115107e-14
0.05 0.0 1.1 3.605612e-10 1.927059e-11 -3.79838e-10 5.940651e-15
0.1 0.0 1.1 5.393331e-11 1.929383e-11 -7.32329e-11 5.750774e-15
0.15 0.0 1.1 7.84326e-12 1.933033e-11 -2.71793e-11 5.745078e-15
0.2 0.0 1.1 1.016542e-12 1.938393e-11 -2.04062e-11 5.744952e-15
0.25 0.0 1.1 -3.89707e-14 1.945931e-11 -1.94261e-11 5.744945e-15
0.3 0.0 1.1 -2.81778e-13 1.95622e-11 -1.92862e-11 5.744942e-15
0.35 0.0 1.1 -4.3882e-13 1.96995e-11 -1.92664e-11 5.744939e-15
0.4 0.0 1.1 -6.21666e-13 1.987959e-11 -1.92637e-11 5.744936e-15
0.45 0.0 1.1 -8.55011e-13 2.011255e-11 -1.92633e-11 5.744934e-15
0.5 0.0 1.1 -1.15301e-12 2.04105e-11 -1.92632e-11 5.744932e-15
0.55 0.0 1.1 -1.53048e-12 2.078796e-11 -1.92632e-11 5.74493e-15
0.6 0.0 1.1 -2.00479e-12 2.126228e-11 -1.92632e-11 5.744928e-15
0.65 0.0 1.1 -2.59668e-12 2.185416e-11 -1.92632e-11 5.744926e-15
0.7 0.0 1.1 -3.33077e-12 2.258826e-11 -1.92632e-11 5.744924e-15
0.75 0.0 1.1 -4.23637e-12 2.349385e-11 -1.92632e-11 5.744923e-15
0.8 0.0 1.1 -5.34821e-12 2.460569e-11 -1.92632e-11 5.744922e-15
0.85 0.0 1.1 -6.70743e-12 2.596491e-11 -1.92632e-11 5.74492e-15
0.9 0.0 1.1 -8.36267e-12 2.762015e-11 -1.92632e-11 5.744919e-15
0.95 0.0 1.1 -1.03714e-11 2.962884e-11 -1.92632e-11 5.744918e-15
1.0 0.0 1.1 -1.28012e-11 3.205871e-11 -1.92632e-11 5.744925e-15
1.05 0.0 1.1 -1.5732e-11 3.498949e-11 -1.92632e-11 5.769967e-15
1.1 0.0 1.1 -1.92632e-11 3.851498e-11 -1.92632e-11 1.147376e-14
0.0 1.1 0.0 1.95622e-11 -7.71889e-11 1.95622e-11 3.806486e-11
0.05 1.1 0.0 -1.88559e-05 -7.89666e-11 1.885595e-05 4.143113e-11
0.1 1.1 0.0 -3.5935e-05 -8.11942e-11 3.593507e-05 4.507129e-11
0.15 1.1 0.0 -5.12886e-05 -8.39417e-11 5.128862e-05 4.900455e-11
0.2 1.1 0.0 -6.49536e-05 -8.71885e-11 6.495368e-05 5.325118e-11
0.25 1.1 0.0 -7.69387e-05 -9.09317e-11 7.693869e-05 5.783259e-11
0.3 1.1 0.0 -8.72045e-05 -9.51816e-11 8.720455e-05 6.277159e-11
0.35 1.1 0.0 -9.56538e-05 -9.99609e-11 9.565381e-05 6.809261e-11
0.4 1.1 0.0 -0.000102201 -1.05302e-10 0.0001022015 7.382159e-11
0.45 1.1 0.0 -0.000107 -1.11228e-10 0.0001070001 7.998461e-11
0.5 1.1 0.0 -0.000110525 -1.1774e-10 0.0001105248 8.660656e-11
0.55 1.1 0.0 -0.000113285 -1.24826e-10 0.0001132855 9.371216e-11
0.6 1.1 0.0 -0.000115619 -1.32486e-10 0.0001156189 1.013274e-10
0.65 1.1 0.0 -0.000117709 -1.4073e-10 0.0001177087 1.094797e-10
0.7 1.1 0.0 -0.000119652 -1.49572e-10 0.0001196524 1.181979e-10
0.75 1.1 0.0 -0.000121504 -1.59038e-10 0.0001215036 1.275116e-10
0.8 1.1 0.0 -0.000123293 -1.69148e-10 0.0001232934 1.374517e-10
0.85 1.1 0.0 -0.000125041 -1.79933e-10 0.0001250409 1.480497e-10
0.9 1.1 0.0 -0.000126759 -1.91421e-10 0.0001267589 1.593381e-10
0.95 1.1 0.0 -0.000128457 -2.03644e-10 0.0001284566 1.713499e-10
1.0 1.1 0.0 -0.000130142 -2.16637e-10 0.0001301421 1.841192e-10
1.05 1.1 0.0 -0.000131824 -2.3042e-10 0.0001318241 1.976806e-10
1.1 1.1 0.0 -0.000133513 -2.45029e-10 0.0001335127 2.120694e-10
0.0 1.1 0.05 1.885595e-05 -7.89666e-11 -1.88559e-05 4.143113e-11
0.05 1.1 0.05 1.547836e-11 -4.76144e-11 1.547836e-11 1.66578e-11
0.1 1.1 0.05 -1.83141e-05 -4.78675e-11 1.831415e-05 1.820714e-11
0.15 1.1 0.05 -3.47284e-05 -4.84102e-11 3.47284e-05 1.989367e-11
0.2 1.1 0.05 -4.93008e-05 -4.92899e-11 4.930078e-05 2.17286e-11
0.25 1.1 0.05 -6.20691e-05 -5.04858e-11 6.20691e-05 2.372402e-11
0.3 1.1 0.05 -7.30311e-05 -5.1994e-11 7.303117e-05 2.589309e-11
0.35 1.1 0.05 -8.21249e-05 -5.38205e-11 8.212495e-05 2.825033e-11
0.4 1.1 0.05 -8.9255e-05 -5.59828e-11 8.925502e-05 3.081182e-11
0.45 1.1 0.05 -9.4483e-05 -5.85012e-11 9.448301e-05 3.359435e-11
0.5 1.1 0.05 -9.82343e-05 -6.1374e-11 9.823435e-05 3.661373e-11
0.55 1.1 0.05 -0.00010108 -6.4587e-11 0.0001010804 3.988505e-11
0.6 1.1 0.05 -0.00010343 -6.81291e-11 0.0001034303 4.342437e-11
0.65 1.1 0.05 -0.000105507 -7.20015e-11 0.0001055069 4.724929e-11
0.7 1.1 0.05 -0.000107425 -7.62101e-11 0.0001074253 5.13788e-11
0.75 1.1 0.05 -0.000109246 -8.07683e-11 0.0001092463 5.583308e-11
0.8 1.1 0.05 -0.000111004 -8.56915e-11 0.0001110042 6.063338e-11
0.85 1.1 0.05 -0.00011272 -9.09979e-11 0.0001127197 6.580198e-11
0.9 1.1 0.05 -0.000114406 -9.67075e-11 0.0001144056 7.136215e-11
0.95 1.1 0.05 -0.000116071 -1.02844e-10 0.0001160713 7.733813e-11
1.0 1.1 0.05 -0.000117724 -1.09432e-10 0.0001177242 8.37551e-11
1.05 1.1 0.05 -0.000119372 -1.16487e-10 0.0001193719 9.063918e-11
1.1 1.1 0.05 -0.000121023 -1.24031e-10 0.0001210227 9.801741e-11
0.0 1.1 0.1 3.593507e-05 -8.11942e-11 -3.5935e-05 4.507129e-11
0.05 1.1 0.1 1.831415e-05 -4.78675e-11 -1.83141e-05 1.820714e-11
0.1 1.1 0.1 1.21496e-11 -3.13869e-11 1.21496e-11 7.087505e-12
0.15 1.1 0.1 -1.7682e-05 -3.10156e-11 1.768199e-05 7.768414e-12
0.2 1.1 0.1 -3.33259e-05 -3.0838e-11 3.332594e-05 8.513165e-12
0.25 1.1 0.1 -4.69977e-05 -3.08868e-11 4.699775e-05 9.327579e-12
0.3 1.1 0.1 -5.87342e-05 -3.11435e-11 5.873418e-05 1.021814e-11
0.35 1.1 0.1 -6.85178e-05 -3.16027e-11 6.851778e-05 1.119222e-11
0.4 1.1 0.1 -7.62727e-05 -3.22689e-11 7.627273e-05 1.225842e-11
0.45 1.1 0.1 -8.1993e-05 -3.31535e-11 8.199299e-05 1.342627e-11
0.5 1.1 0.1 -8.60211e-05 -3.42584e-11 8.602109e-05 1.470458e-11
0.55 1.1 0.1 -8.8972e-05 -3.55653e-11 8.897206e-05 1.610081e-11
0.6 1.1 0.1 -9.13413e-05 -3.7057e-11 9.134129e-05 1.762262e-11
0.65 1.1 0.1 -9.34023e-05 -3.87255e-11 9.34023e-05 1.927893e-11
0.7 1.1 0.1 -9.52914e-05 -4.05693e-11 9.529146e-05 2.107987e-11
0.75 1.1 0.1 -9.70784e-05 -4.25922e-11 9.707847e-05 2.303654e-11
0.8 1.1 0.1 -9.88011e-05 -4.48002e-11 9.880115e-05 2.516094e-11
0.85 1.1 0.1 -0.000100481 -4.7204e-11 0.0001004814 2.746592e-11
0.9 1.1 0.1 -0.000102133 -4.98108e-11 0.0001021328 2.996518e-11
0.95 1.1 0.1 -0.000103764 -5.26397e-11 0.0001037643 3.267329e-11
1.0 1.1 0.1 -0.000105383 -5.57012e-11 0.0001053832 3.560569e-11
1.05 1.1 0.1 -0.000106996 -5.90017e-11 0.0001069957 3.877871e-11
1.1 1.1 0.1 -0.000108609 -6.25562e-11 0.0001086092 4.22096e-11
0.0 1.1 0.15 5.128862e-05 -8.39417e-11 -5.12886e-05 4.900455e-11
0.05 1.1 0.15 3.47284e-05 -4.84102e-11 -3.47284e-05 1.989367e-11
0.1 1.1 0.15 1.768199e-05 -3.10156e-11 -1.7682e-05 7.768414e-12
0.15 1.1 0.15 9.44924e-12 -2.1863e-11 9.44924e-12 2.964316e-12
0.2 1.1 0.15 -1.69353e-05 -2.13034e-11 1.69353e-05 3.255146e-12
0.25 1.1 0.15 -3.16774e-05 -2.08833e-11 3.167743e-05 3.574474e-12
0.3 1.1 0.15 -4.43014e-05 -2.06257e-11 4.430146e-05 3.925197e-12
0.35 1.1 0.15 -5.48407e-05 -2.05138e-11 5.484073e-05 4.310745e-12
0.4 1.1 0.15 -6.32632e-05 -2.05431e-11 6.326321e-05 4.735373e-12
0.45 1.1 0.15 -6.9534e-05 -2.07194e-11 6.953406e-05 5.20428e-12
0.5 1.1 0.15 -7.38958e-05 -2.10432e-11 7.389579e-05 5.722437e-12
0.55 1.1 0.15 -7.69753e-05 -2.15015e-11 7.69753e-05 6.293089e-12
0.6 1.1 0.15 -7.93665e-05 -2.20712e-11 7.936647e-05 6.918884e-12
0.65 1.1 0.15 -8.14077e-05 -2.274e-11 8.14077e-05 7.603286e-12
0.7 1.1 0.15 -8.32624e-05 -2.35016e-11 8.326244e-05 8.350684e-12
0.75 1.1 0.15 -8.50105e-05 -2.4353e-11 8.501053e-05 9.166169e-12
0.8 1.1 0.15 -8.66936e-05 -2.52958e-11 8.669359e-05 1.005542e-11
0.85 1.1 0.15 -8.83349e-05 -2.63314e-11 8.833492e-05 1.102465e-11
0.9 1.1 0.15 -8.99485e-05 -2.74643e-11 8.994848e-05 1.20806e-11
0.95 1.1 0.15 -9.15433e-05 -2.87006e-11 9.154328e-05 1.323056e-11
1.0 1.1 0.15 -9.31259e-05 -3.00484e-11 9.31259e-05 1.448239e-11
1.05 1.1 0.15 -9.4702e-05 -3.1505e-11 9.470203e-05 1.584453e-11
1.1 1.1 0.15 -9.62777e-05 -3.30753e-11 9.627767e-05 1.732605e-11
0.0 1.1 0.2 6.495368e-05 -8.71885e-11 -6.49536e-05 5.325118e-11
0.05 1.1 0.2 4.930078e-05 -4.92899e-11 -4.93008e-05 2.17286e-11
0.1 1.1 0.2 3.332594e-05 -3.0838e-11 -3.33259e-05 8.513165e-12
0.15 1.1 0.2 1.69353e-05 -2.13034e-11 -1.69353e-05 3.255146e-12
0.2 1.1 0.2 7.270464e-12 -1.57678e-11 7.270464e-12 1.227226e-12
0.25 1.1 0.2 -1.60409e-05 -1.52065e-11 1.604087e-05 1.349439e-12
0.3 1.1 0.2 -2.97149e-05 -1.47531e-11 2.971495e-05 1.484256e-12
0.35 1.1 0.2 -4.11082e-05 -1.44218e-11 4.110825e-05 1.633212e-12
0.4 1.1 0.2 -5.02502e-05 -1.42011e-11 5.02502e-05 1.798376e-12
0.45 1.1 0.2 -5.7122e-05 -1.40896e-11 5.712205e-05 1.982638e-12
0.5 1.1 0.2 -6.18767e-05 -1.40892e-11 6.187675e-05 2.189178e-12
0.55 1.1 0.2 -6.51121e-05 -1.41882e-11 6.511207e-05 2.419654e-12
0.6 1.1 0.2 -6.75263e-05 -1.43672e-11 6.752627e-05 2.674405e-12
0.65 1.1 0.2 -6.9541e-05 -1.46101e-11 6.954102e-05 2.954152e-12
0.7 1.1 0.2 -7.13539e-05 -1.49076e-11 7.135387e-05 3.260363e-12
0.75 1.1 0.2 -7.30564e-05 -1.52554e-11 7.305643e-05 3.595025e-12
0.8 1.1 0.2 -7.46942e-05 -1.56501e-11 7.469426e-05 3.960491e-12
0.85 1.1 0.2 -7.62919e-05 -1.60907e-11 7.62919e-05 4.359413e-12
0.9 1.1 0.2 -7.78635e-05 -1.65774e-11 7.786355e-05 4.79472e-12
0.95 1.1 0.2 -7.94181e-05 -1.71134e-11 7.941809e-05 5.26962e-12
1.0 1.1 0.2 -8.09616e-05 -1.77018e-11 8.096164e-05 5.787616e-12
1.05 1.1 0.2 -8.24992e-05 -1.83333e-11 8.249918e-05 6.352514e-12
1.1 1.1 0.2 -8.40356e-05 -1.9011e-11 8.403566e-05 6.968451e-12
0.0 1.1 0.25 7.693869e-05 -9.09317e-11 -7.69387e-05 5.783259e-11
0.05 1.1 0.25 6.20691e-05 -5.04858e-11 -6.20691e-05 2.372402e-11
0.1 1.1 0.25 4.699775e-05 -3.08868e-11 -4.69977e-05 9.327579e-12
0.15 1.1 0.25 3.167743e-05 -2.08833e-11 -3.16774e-05 3.574474e-12
0.2 1.1 0.25 1.604087e-05 -1.52065e-11 -1.60409e-05 1.349439e-12
0.25 1.1 0.25 5.52348e-12 -1.15516e-11 5.52348e-12 5.050194e-13
0.3 1.1 0.25 -1.49521e-05 -1.10565e-11 1.49521e-05 5.559517e-13
0.35 1.1 0.25 -2.73456e-05 -1.06479e-11 2.73456e-05 6.126459e-13
0.4 1.1 0.25 -3.7281e-05 -1.03366e-11 3.728101e-05 6.761091e-13
0.45 1.1 0.25 -4.47972e-05 -1.01146e-11 4.479722e-05 7.479759e-13
0.5 1.1 0.25 -4.99988e-05 -9.98224e-12 4.999881e-05 8.305051e-13
0.55 1.1 0.25 -5.34183e-05 -9.93294e-12 5.341827e-05 9.250599e-13
0.6 1.1 0.25 -5.58527e-05 -9.94804e-12 5.585274e-05 1.031261e-12
0.65 1.1 0.25 -5.78296e-05 -1.00129e-11 5.782964e-05 1.148636e-12
0.7 1.1 0.25 -5.95895e-05 -1.0115e-11 5.958951e-05 1.277349e-12
0.75 1.1 0.25 -6.12373e-05 -1.02509e-11 6.123726e-05 1.418008e-12
0.8 1.1 0.25 -6.28222e-05 -1.04152e-11 6.282219e-05 1.571475e-12
0.85 1.1 0.25 -6.43697e-05 -1.06049e-11 6.436969e-05 1.738781e-12
0.9 1.1 0.25 -6.58939e-05 -1.08189e-11 6.589394e-05 1.921101e-12
0.95 1.1 0.25 -6.74035e-05 -1.10592e-11 6.740348e-05 2.119741e-12
1.0 1.1 0.25 -6.89039e-05 -1.13252e-11 6.890392e-05 2.336141e-12
1.05 1.1 0.25 -7.03995e-05 -1.16076e-11 7.039955e-05 2.571879e-12
1.1 1.1 0.25 -7.18944e-05 -1.19056e-11 7.189439e-05 2.828685e-12
0.0 1.1 0.3 8.720455e-05 -9.51816e-11 -8.72045e-05 6.277159e-11
0.05 1.1 0.3 7.303117e-05 -5.1994e-11 -7.30311e-05 2.589309e-11
0.1 1.1 0.3 5.873418e-05 -3.11435e-11 -5.87342e-05 1.021814e-11
0.15 1.1 0.3 4.430146e-05 -2.06257e-11 -4.43014e-05 3.925197e-12
0.2 1.1 0.3 2.971495e-05 -1.47531e-11 -2.97149e-05 1.484256e-12
0.25 1.1 0.3 1.49521e-05 -1.10565e-11 -1.49521e-05 5.559517e-13
0.3 1.1 0.3 4.133088e-12 -8.47322e-12 4.133088e-12 2.072865e-13
0.35 1.1 0.3 -1.36034e-05 -8.06066e-12 1.360339e-05 2.284696e-13
0.4 1.1 0.3 -2.44437e-05 -7.7196e-12 2.444367e-05 2.525747e-13
0.45 1.1 0.3 -3.26474e-05 -7.45892e-12 3.264742e-05 2.805025e-13
0.5 1.1 0.3 -3.8334e-05 -7.27418e-12 3.833397e-05 3.138423e-13
0.55 1.1 0.3 -4.19602e-05 -7.16138e-12 4.196019e-05 3.540321e-13
0.6 1.1 0.3 -4.44033e-05 -7.10587e-12 4.440331e-05 4.007873e-13
0.65 1.1 0.3 -4.63224e-05 -7.09344e-12 4.632237e-05 4.53212e-13
0.7 1.1 0.3 -4.80118e-05 -7.11342e-12 4.801177e-05 5.109381e-13
0.75 1.1 0.3 -4.95906e-05 -7.15783e-12 4.959064e-05 5.740137e-13
0.8 1.1 0.3 -5.11112e-05 -7.22356e-12 5.111122e-05 6.426936e-13
0.85 1.1 0.3 -5.2599e-05 -7.30571e-12 5.259901e-05 7.17345e-13
0.9 1.1 0.3 -5.40676e-05 -7.40386e-12 5.406765e-05 7.984112e-13
0.95 1.1 0.3 -5.5525e-05 -7.51799e-12 5.552502e-05 8.863985e-13
1.0 1.1 0.3 -5.69761e-05 -7.6481e-12 5.697611e-05 9.818727e-13
1.05 1.1 0.3 -5.84245e-05 -7.78266e-12 5.842448e-05 1.08546e-12
1.1 1.1 0.3 -5.98732e-05 -7.91989e-12 5.987326e-05 1.197849e-12
0.0 1.1 0.35 9.565381e-05 -9.99609e-11 -9.56538e-05 6.809261e-11
0.05 1.1 0.35 8.212495e-05 -5.38205e-11 -8.21249e-05 2.825033e-11
0.1 1.1 0.35 6.851778e-05 -3.16027e-11 -6.85178e-05 1.119222e-11
0.15 1.1 0.35 5.484073e-05 -2.05138e-11 -5.48407e-05 4.310745e-12
0.2 1.1 0.35 4.110825e-05 -1.44218e-11 -4.11082e-05 1.633212e-12
0.25 1.1 0.35 2.73456e-05 -1.06479e-11 -2.73456e-05 6.126459e-13
0.3 1.1 0.35 1.360339e-05 -8.06066e-12 -1.36034e-05 2.284696e-13
0.35 1.1 0.35 3.036611e-12 -6.15863e-12 3.036611e-12 8.538375e-14
0.4 1.1 0.35 -1.19058e-05 -5.82512e-12 1.190583e-05 9.425208e-14
0.45 1.1 0.35 -2.08517e-05 -5.552e-12 2.085167e-05 1.04927e-13
0.5 1.1 0.35 -2.70367e-05 -5.34728e-12 2.703667e-05 1.184072e-13
0.55 1.1 0.35 -3.08741e-05 -5.20606e-12 3.087407e-05 1.360802e-13
0.6 1.1 0.35 -3.32958e-05 -5.11902e-12 3.329583e-05 1.580976e-13
0.65 1.1 0.35 -3.51208e-05 -5.07061e-12 3.512081e-05 1.835496e-13
0.7 1.1 0.35 -3.67101e-05 -5.05107e-12 3.671011e-05 2.118811e-13
0.75 1.1 0.35 -3.81966e-05 -5.05374e-12 3.819658e-05 2.429405e-13
0.8 1.1 0.35 -3.96335e-05 -5.07372e-12 3.963353e-05 2.767588e-13
0.85 1.1 0.35 -4.10452e-05 -5.10791e-12 4.104522e-05 3.134499e-13
0.9 1.1 0.35 -4.2444e-05 -5.1541e-12 4.2444e-05 3.531737e-13
0.95 1.1 0.35 -4.38366e-05 -5.21139e-12 4.383664e-05 3.961219e-13
1.0 1.1 0.35 -4.52272e-05 -5.282e-12 4.522721e-05 4.42513e-13
1.05 1.1 0.35 -4.66184e-05 -5.35172e-12 4.661841e-05 4.925911e-13
1.1 1.1 0.35 -4.80125e-05 -5.41878e-12 4.801249e-05 5.466263e-13
0.0 1.1 0.4 0.0001022015 -1.05302e-10 -0.000102201 7.382159e-11
0.05 1.1 0.4 8.925502e-05 -5.59828e-11 -8.9255e-05 3.081182e-11
0.1 1.1 0.4 7.627273e-05 -3.22689e-11 -7.62727e-05 1.225842e-11
0.15 1.1 0.4 6.326321e-05 -2.05431e-11 -6.32632e-05 4.735373e-12
0.2 1.1 0.4 5.02502e-05 -1.42011e-11 -5.02502e-05 1.798376e-12
0.25 1.1 0.4 3.728101e-05 -1.03366e-11 -3.7281e-05 6.761091e-13
0.3 1.1 0.4 2.444367e-05 -7.7196e-12 -2.44437e-05 2.525747e-13
0.35 1.1 0.4 1.190583e-05 -5.82512e-12 -1.19058e-05 9.425208e-14
0.4 1.1 0.4 2.181966e-12 -4.39959e-12 2.181966e-12 3.585139e-14
0.45 1.1 0.4 -9.75921e-06 -4.13491e-12 9.759215e-06 3.965544e-14
0.5 1.1 0.4 -1.64318e-05 -3.92264e-12 1.643181e-05 4.487862e-14
0.55 1.1 0.4 -2.04536e-05 -3.7681e-12 2.045358e-05 5.258151e-14
0.6 1.1 0.4 -2.27923e-05 -3.66374e-12 2.279232e-05 6.334343e-14
0.65 1.1 0.4 -2.44578e-05 -3.59757e-12 2.44578e-05 7.649713e-14
0.7 1.1 0.4 -2.58942e-05 -3.5576e-12 2.589419e-05 9.147472e-14
0.75 1.1 0.4 -2.72452e-05 -3.53895e-12 2.724524e-05 1.080829e-13
0.8 1.1 0.4 -2.8562e-05 -3.53539e-12 2.856197e-05 1.262896e-13
0.85 1.1 0.4 -2.98656e-05 -3.54516e-12 2.986557e-05 1.461257e-13
0.9 1.1 0.4 -3.1166e-05 -3.5647e-12 3.116597e-05 1.676506e-13
0.95 1.1 0.4 -3.24682e-05 -3.59535e-12 3.246822e-05 1.909407e-13
1.0 1.1 0.4 -3.37751e-05 -3.63531e-12 3.37751e-05 2.160844e-13
1.05 1.1 0.4 -3.50882e-05 -3.67439e-12 3.508823e-05 2.431809e-13
1.1 1.1 0.4 -3.64088e-05 -3.70859e-12 3.640882e-05 2.723392e-13
0.0 1.1 0.45 0.0001070001 -1.11228e-10 -0.000107 7.998461e-11
0.05 1.1 0.45 9.448301e-05 -5.85012e-11 -9.4483e-05 3.359435e-11
0.1 1.1 0.45 8.199299e-05 -3.31535e-11 -8.1993e-05 1.342627e-11
0.15 1.1 0.45 6.953406e-05 -2.07194e-11 -6.9534e-05 5.20428e-12
0.2 1.1 0.45 5.712205e-05 -1.40896e-11 -5.7122e-05 1.982638e-12
0.25 1.1 0.45 4.479722e-05 -1.01146e-11 -4.47972e-05 7.479759e-13
0.3 1.1 0.45 3.264742e-05 -7.45892e-12 -3.26474e-05 2.805025e-13
0.35 1.1 0.45 2.085167e-05 -5.552e-12 -2.08517e-05 1.04927e-13
0.4 1.1 0.45 9.759215e-06 -4.13491e-12 -9.75921e-06 3.965544e-14
0.45 1.1 0.45 1.52541e-12 -3.06688e-12 1.52541e-12 1.592221e-14
0.5 1.1 0.45 -7.13082e-06 -2.85949e-12 7.130821e-06 1.764913e-14
0.55 1.1 0.45 -1.12914e-05 -2.69784e-12 1.129139e-05 2.064652e-14
0.6 1.1 0.45 -1.34566e-05 -2.58327e-12 1.345665e-05 2.562965e-14
0.65 1.1 0.45 -1.48565e-05 -2.50555e-12 1.485652e-05 3.232845e-14
0.7 1.1 0.45 -1.60493e-05 -2.45315e-12 1.604926e-05 4.026899e-14
0.75 1.1 0.45 -1.71861e-05 -2.42117e-12 1.718611e-05 4.928971e-14
0.8 1.1 0.45 -1.83119e-05 -2.40519e-12 1.831186e-05 5.936348e-14
0.85 1.1 0.45 -1.94427e-05 -2.39986e-12 1.944266e-05 7.050738e-14
0.9 1.1 0.45 -2.05851e-05 -2.40519e-12 2.058512e-05 8.275531e-14
0.95 1.1 0.45 -2.1742e-05 -2.4194e-12 2.174205e-05 9.614908e-14
1.0 1.1 0.45 -2.29146e-05 -2.44382e-12 2.291457e-05 1.107352e-13
1.05 1.1 0.45 -2.4103e-05 -2.46514e-12 2.4103e-05 1.265635e-13
1.1 1.1 0.45 -2.53074e-05 -2.48157e-12 2.530735e-05 1.436873e-13
0.0 1.1 0.5 0.0001105248 -1.1774e-10 -0.000110525 8.660656e-11
0.05 1.1 0.5 9.823435e-05 -6.1374e-11 -9.82343e-05 3.661373e-11
0.1 1.1 0.5 8.602109e-05 -3.42584e-11 -8.60211e-05 1.470458e-11
0.15 1.1 0.5 7.389579e-05 -2.10432e-11 -7.38958e-05 5.722437e-12
0.2 1.1 0.5 6.187675e-05 -1.40892e-11 -6.18767e-05 2.189178e-12
0.25 1.1 0.5 4.999881e-05 -9.98224e-12 -4.99988e-05 8.305051e-13
0.3 1.1 0.5 3.833397e-05 -7.27418e-12 -3.8334e-05 3.138423e-13
0.35 1.1 0.5 2.703667e-05 -5.34728e-12 -2.70367e-05 1.184072e-13
0.4 1.1 0.5 1.643181e-05 -3.92264e-12 -1.64318e-05 4.487862e-14
0.45 1.1 0.5 7.130821e-06 -2.85949e-12 -7.13082e-06 1.764913e-14
0.5 1.1 0.5 1.028569e-12 -2.06546e-12 1.028569e-12 8.001674e-15
0.55 1.1 0.5 -4.28172e-06 -1.90425e-12 4.281724e-06 8.846592e-15
0.6 1.1 0.5 -6.24726e-06 -1.78257e-12 6.247261e-06 1.069181e-14
0.65 1.1 0.5 -7.27047e-06 -1.69731e-12 7.270469e-06 1.364542e-14
0.7 1.1 0.5 -8.10321e-06 -1.63736e-12 8.103211e-06 1.739843e-14
0.75 1.1 0.5 -8.91275e-06 -1.59694e-12 8.912748e-06 2.184286e-14
0.8 1.1 0.5 -9.73675e-06 -1.57074e-12 9.736753e-06 2.697841e-14
0.85 1.1 0.5 -1.05865e-05 -1.55742e-12 1.058648e-05 3.28339e-14
0.9 1.1 0.5 -1.14658e-05 -1.55298e-12 1.14658e-05 3.944699e-14
0.95 1.1 0.5 -1.23759e-05 -1.55742e-12 1.237587e-05 4.68583e-14
1.0 1.1 0.5 -1.33167e-05 -1.57119e-12 1.33167e-05 5.510932e-14
1.05 1.1 0.5 -1.42877e-05 -1.58229e-12 1.42877e-05 6.424168e-14
1.1 1.1 0.5 -1.5288e-05 -1.58851e-12 1.528803e-05 7.429686e-14
0.0 1.1 0.55 0.0001132855 -1.24826e-10 -0.000113285 9.371216e-11
0.05 1.1 0.55 0.0001010804 -6.4587e-11 -0.00010108 3.988505e-11
0.1 1.1 0.55 8.897206e-05 -3.55653e-11 -8.8972e-05 1.610081e-11
0.15 1.1 0.55 7.69753e-05 -2.15015e-11 -7.69753e-05 6.293089e-12
0.2 1.1 0.55 6.511207e-05 -1.41882e-11 -6.51121e-05 2.419654e-12
0.25 1.1 0.55 5.341827e-05 -9.93294e-12 -5.34183e-05 9.250599e-13
0.3 1.1 0.55 4.196019e-05 -7.16138e-12 -4.19602e-05 3.540321e-13
0.35 1.1 0.55 3.087407e-05 -5.20606e-12 -3.08741e-05 1.360802e-13
0.4 1.1 0.55 2.045358e-05 -3.7681e-12 -2.04536e-05 5.258151e-14
0.45 1.1 0.55 1.129139e-05 -2.69784e-12 -1.12914e-05 2.064652e-14
0.5 1.1 0.55 4.281724e-06 -1.90425e-12 -4.28172e-06 8.846592e-15
0.55 1.1 0.55 6.567272e-13 -1.31806e-12 6.567272e-13 4.909652e-15
0.6 1.1 0.55 -1.93769e-06 -1.19638e-12 1.937694e-06 5.317088e-15
0.65 1.1 0.55 -2.63518e-06 -1.10534e-12 2.63518e-06 6.261104e-15
0.7 1.1 0.55 -3.07623e-06 -1.04006e-12 3.076228e-06 7.643628e-15
0.75 1.1 0.55 -3.50295e-06 -9.93872e-13 3.502955e-06 9.385439e-15
0.8 1.1 0.55 -3.95262e-06 -9.63229e-13 3.952623e-06 1.149807e-14
0.85 1.1 0.55 -4.43474e-06 -9.43245e-13 4.434741e-06 1.401591e-14
0.9 1.1 0.55 -4.95309e-06 -9.32587e-13 4.95309e-06 1.698015e-14
0.95 1.1 0.55 -5.5096e-06 -9.31255e-13 5.509599e-06 2.043487e-14
1.0 1.1 0.55 -6.10534e-06 -9.38805e-13 6.105339e-06 2.442551e-14
1.05 1.1 0.55 -6.74086e-06 -9.4369e-13 6.740864e-06 2.899814e-14
1.1 1.1 0.55 -7.41636e-06 -9.42357e-13 7.416359e-06 3.419894e-14
0.0 1.1 0.6 0.0001156189 -1.32486e-10 -0.000115619 1.013274e-10
0.05 1.1 0.6 0.0001034303 -6.81291e-11 -0.00010343 4.342437e-11
0.1 1.1 0.6 9.134129e-05 -3.7057e-11 -9.13413e-05 1.762262e-11
0.15 1.1 0.6 7.936647e-05 -2.20712e-11 -7.93665e-05 6.918884e-12
0.2 1.1 0.6 6.752627e-05 -1.43672e-11 -6.75263e-05 2.674405e-12
0.25 1.1 0.6 5.585274e-05 -9.94804e-12 -5.58527e-05 1.031261e-12
0.3 1.1 0.6 4.440331e-05 -7.10587e-12 -4.44033e-05 4.007873e-13
0.35 1.1 0.6 3.329583e-05 -5.11902e-12 -3.32958e-05 1.580976e-13
0.4 1.1 0.6 2.279232e-05 -3.66374e-12 -2.27923e-05 6.334343e-14
0.45 1.1 0.6 1.345665e-05 -2.58327e-12 -1.34566e-05 2.562965e-14
0.5 1.1 0.6 6.247261e-06 -1.78257e-12 -6.24726e-06 1.069181e-14
0.55 1.1 0.6 1.937694e-06 -1.19638e-12 -1.93769e-06 5.317088e-15
0.6 1.1 0.6 3.864405e-13 -7.76712e-13 3.864405e-13 3.754068e-15
0.65 1.1 0.6 -6.56558e-07 -6.8523e-13 6.565588e-07 3.916653e-15
0.7 1.1 0.6 -8.64671e-07 -6.18172e-13 8.646719e-07 4.274453e-15
0.75 1.1 0.6 -1.02359e-06 -5.69766e-13 1.023588e-06 4.778048e-15
0.8 1.1 0.6 -1.19153e-06 -5.36016e-13 1.191528e-06 5.422834e-15
0.85 1.1 0.6 -1.3778e-06 -5.13367e-13 1.3778e-06 6.227727e-15
0.9 1.1 0.6 -1.5862e-06 -5.00489e-13 1.586205e-06 7.218392e-15
0.95 1.1 0.6 -1.81944e-06 -4.96048e-13 1.819436e-06 8.424471e-15
1.0 1.1 0.6 -2.07985e-06 -5.00044e-13 2.079853e-06 9.878941e-15
1.05 1.1 0.6 -2.36965e-06 -5.01821e-13 2.369655e-06 1.161784e-14
1.1 1.1 0.6 -2.69092e-06 -4.97824e-13 2.690925e-06 1.368007e-14
0.0 1.1 0.65 0.0001177087 -1.4073e-10 -0.000117709 1.094797e-10
0.05 1.1 0.65 0.0001055069 -7.20015e-11 -0.000105507 4.724929e-11
0.1 1.1 0.65 9.34023e-05 -3.87255e-11 -9.34023e-05 1.927893e-11
0.15 1.1 0.65 8.14077e-05 -2.274e-11 -8.14077e-05 7.603286e-12
0.2 1.1 0.65 6.954102e-05 -1.46101e-11 -6.9541e-05 2.954152e-12
0.25 1.1 0.65 5.782964e-05 -1.00129e-11 -5.78296e-05 1.148636e-12
0.3 1.1 0.65 4.632237e-05 -7.09344e-12 -4.63224e-05 4.53212e-13
0.35 1.1 0.65 3.512081e-05 -5.07061e-12 -3.51208e-05 1.835496e-13
0.4 1.1 0.65 2.44578e-05 -3.59757e-12 -2.44578e-05 7.649713e-14
0.45 1.1 0.65 1.485652e-05 -2.50555e-12 -1.48565e-05 3.232845e-14
0.5 1.1 0.65 7.270469e-06 -1.69731e-12 -7.27047e-06 1.364542e-14
0.55 1.1 0.65 2.63518e-06 -1.10534e-12 -2.63518e-06 6.261104e-15
0.6 1.1 0.65 6.565588e-07 -6.8523e-13 -6.56558e-07 3.916653e-15
0.65 1.1 0.65 2.180617e-13 -4.39204e-13 2.180617e-13 3.364964e-15
0.7 1.1 0.65 -1.78757e-07 -3.72591e-13 1.78757e-07 3.415175e-15
0.75 1.1 0.65 -2.3466e-07 -3.23297e-13 2.346605e-07 3.521115e-15
0.8 1.1 0.65 -2.81974e-07 -2.89102e-13 2.819745e-07 3.669883e-15
0.85 1.1 0.65 -3.34185e-07 -2.66454e-13 3.341855e-07 3.864118e-15
0.9 1.1 0.65 -3.93906e-07 -2.51799e-13 3.939059e-07 4.112431e-15
0.95 1.1 0.65 -4.62663e-07 -2.46914e-13 4.626634e-07 4.425905e-15
1.0 1.1 0.65 -5.41857e-07 -2.51354e-13 5.41857e-07 4.817754e-15
1.05 1.1 0.65 -6.32935e-07 -2.51799e-13 6.329352e-07 5.303412e-15
1.1 1.1 0.65 -7.37444e-07 -2.46025e-13 7.374443e-07 5.900723e-15
0.0 1.1 0.7 0.0001196524 -1.49572e-10 -0.000119652 1.181979e-10
0.05 1.1 0.7 0.0001074253 -7.62101e-11 -0.000107425 5.13788e-11
0.1 1.1 0.7 9.529146e-05 -4.05693e-11 -9.52914e-05 2.107987e-11
0.15 1.1 0.7 8.326244e-05 -2.35016e-11 -8.32624e-05 8.350684e-12
0.2 1.1 0.7 7.135387e-05 -1.49076e-11 -7.13539e-05 3.260363e-12
0.25 1.1 0.7 5.958951e-05 -1.0115e-11 -5.95895e-05 1.277349e-12
0.3 1.1 0.7 4.801177e-05 -7.11342e-12 -4.80118e-05 5.109381e-13
0.35 1.1 0.7 3.671011e-05 -5.05107e-12 -3.67101e-05 2.118811e-13
0.4 1.1 0.7 2.589419e-05 -3.5576e-12 -2.58942e-05 9.147472e-14
0.45 1.1 0.7 1.604926e-05 -2.45315e-12 -1.60493e-05 4.026899e-14
0.5 1.1 0.7 8.103211e-06 -1.63736e-12 -8.10321e-06 1.739843e-14
0.55 1.1 0.7 3.076228e-06 -1.04006e-12 -3.07623e-06 7.643628e-15
0.6 1.1 0.7 8.646719e-07 -6.18172e-13 -8.64671e-07 4.274453e-15
0.65 1.1 0.7 1.78757e-07 -3.72591e-13 -1.78757e-07 3.415175e-15
0.7 1.1 0.7 1.306342e-13 -2.64677e-13 1.306342e-13 3.253948e-15
0.75 1.1 0.7 -4.13507e-08 -2.15827e-13 4.135092e-08 3.266426e-15
0.8 1.1 0.7 -5.47464e-08 -1.81632e-13 5.474658e-08 3.292383e-15
0.85 1.1 0.7 -6.6723e-08 -1.58096e-13 6.672319e-08 3.329264e-15
0.9 1.1 0.7 -8.02973e-08 -1.44329e-13 8.029743e-08 3.378355e-15
0.95 1.1 0.7 -9.61656e-08 -1.39e-13 9.616569e-08 3.442421e-15
1.0 1.1 0.7 -1.14821e-07 -1.42997e-13 1.148212e-07 3.525025e-15
1.05 1.1 0.7 -1.36763e-07 -1.42997e-13 1.367636e-07 3.630523e-15
1.1 1.1 0.7 -1.62543e-07 -1.37668e-13 1.625433e-07 3.764161e-15
0.0 1.1 0.75 0.0001215036 -1.59038e-10 -0.000121504 1.275116e-10
0.05 1.1 0.75 0.0001092463 -8.07683e-11 -0.000109246 5.583308e-11
0.1 1.1 0.75 9.707847e-05 -4.25922e-11 -9.70784e-05 2.303654e-11
0.15 1.1 0.75 8.501053e-05 -2.4353e-11 -8.50105e-05 9.166169e-12
0.2 1.1 0.75 7.305643e-05 -1.52554e-11 -7.30564e-05 3.595025e-12
0.25 1.1 0.75 6.123726e-05 -1.02509e-11 -6.12373e-05 1.418008e-12
0.3 1.1 0.75 4.959064e-05 -7.15783e-12 -4.95906e-05 5.740137e-13
0.35 1.1 0.75 3.819658e-05 -5.05374e-12 -3.81966e-05 2.429405e-13
0.4 1.1 0.75 2.724524e-05 -3.53895e-12 -2.72452e-05 1.080829e-13
0.45 1.1 0.75 1.718611e-05 -2.42117e-12 -1.71861e-05 4.928971e-14
0.5 1.1 0.75 8.912748e-06 -1.59694e-12 -8.91275e-06 2.184286e-14
0.55 1.1 0.75 3.502955e-06 -9.93872e-13 -3.50295e-06 9.385439e-15
0.6 1.1 0.75 1.023588e-06 -5.69766e-13 -1.02359e-06 4.778048e-15
0.65 1.1 0.75 2.346605e-07 -3.23297e-13 -2.3466e-07 3.521115e-15
0.7 1.1 0.75 4.135092e-08 -2.15827e-13 -4.13507e-08 3.266426e-15
0.75 1.1 0.75 7.887823e-14 -1.6076e-13 7.887823e-14 3.227229e-15
0.8 1.1 0.75 -8.49321e-09 -1.26565e-13 8.493334e-09 3.229893e-15
0.85 1.1 0.75 -1.1345e-08 -1.03917e-13 1.134509e-08 3.235418e-15
0.9 1.1 0.75 -1.39749e-08 -8.9706e-14 1.397501e-08 3.243362e-15
0.95 1.1 0.75 -1.70103e-08 -8.39329e-14 1.701039e-08 3.254095e-15
1.0 1.1 0.75 -2.06171e-08 -8.79297e-14 2.061719e-08 3.268325e-15
1.05 1.1 0.75 -2.49272e-08 -8.79297e-14 2.492726e-08 3.286978e-15
1.1 1.1 0.75 -3.00819e-08 -8.26006e-14 3.0082e-08 3.31121e-15
0.0 1.1 0.8 0.0001232934 -1.69148e-10 -0.000123293 1.374517e-10
0.05 1.1 0.8 0.0001110042 -8.56915e-11 -0.000111004 6.063338e-11
0.1 1.1 0.8 9.880115e-05 -4.48002e-11 -9.88011e-05 2.516094e-11
0.15 1.1 0.8 8.669359e-05 -2.52958e-11 -8.66936e-05 1.005542e-11
0.2 1.1 0.8 7.469426e-05 -1.56501e-11 -7.46942e-05 3.960491e-12
0.25 1.1 0.8 6.282219e-05 -1.04152e-11 -6.28222e-05 1.571475e-12
0.3 1.1 0.8 5.111122e-05 -7.22356e-12 -5.11112e-05 6.426936e-13
0.35 1.1 0.8 3.963353e-05 -5.07372e-12 -3.96335e-05 2.767588e-13
0.4 1.1 0.8 2.856197e-05 -3.53539e-12 -2.8562e-05 1.262896e-13
0.45 1.1 0.8 1.831186e-05 -2.40519e-12 -1.83119e-05 5.936348e-14
0.5 1.1 0.8 9.736753e-06 -1.57074e-12 -9.73675e-06 2.697841e-14
0.55 1.1 0.8 3.952623e-06 -9.63229e-13 -3.95262e-06 1.149807e-14
0.6 1.1 0.8 1.191528e-06 -5.36016e-13 -1.19153e-06 5.422834e-15
0.65 1.1 0.8 2.819745e-07 -2.89102e-13 -2.81974e-07 3.669883e-15
0.7 1.1 0.8 5.474658e-08 -1.81632e-13 -5.47464e-08 3.292383e-15
0.75 1.1 0.8 8.493334e-09 -1.26565e-13 -8.49321e-09 3.229893e-15
0.8 1.1 0.8 4.420833e-14 -9.19265e-14 4.420833e-14 3.221469e-15
0.85 1.1 0.8 -1.61873e-09 -6.83897e-14 1.618792e-09 3.221989e-15
0.9 1.1 0.8 -2.17489e-09 -5.41789e-14 2.174943e-09 3.223064e-15
0.95 1.1 0.8 -2.69641e-09 -4.88498e-14 2.696454e-09 3.224622e-15
1.0 1.1 0.8 -3.30487e-09 -5.32907e-14 3.304924e-09 3.226746e-15
1.05 1.1 0.8 -4.03534e-09 -5.32907e-14 4.035386e-09 3.22959e-15
1.1 1.1 0.8 -4.91748e-09 -4.75175e-14 4.917529e-09 3.233356e-15
0.0 1.1 0.85 0.0001250409 -1.79933e-10 -0.000125041 1.480497e-10
0.05 1.1 0.85 0.0001127197 -9.09979e-11 -0.00011272 6.580198e-11
0.1 1.1 0.85 0.0001004814 -4.7204e-11 -0.000100481 2.746592e-11
0.15 1.1 0.85 8.833492e-05 -2.63314e-11 -8.83349e-05 1.102465e-11
0.2 1.1 0.85 7.62919e-05 -1.60907e-11 -7.62919e-05 4.359413e-12
0.25 1.1 0.85 6.436969e-05 -1.06049e-11 -6.43697e-05 1.738781e-12
0.3 1.1 0.85 5.259901e-05 -7.30571e-12 -5.2599e-05 7.17345e-13
0.35 1.1 0.85 4.104522e-05 -5.10791e-12 -4.10452e-05 3.134499e-13
0.4 1.1 0.85 2.986557e-05 -3.54516e-12 -2.98656e-05 1.461257e-13
0.45 1.1 0.85 1.944266e-05 -2.39986e-12 -1.94427e-05 7.050738e-14
0.5 1.1 0.85 1.058648e-05 -1.55742e-12 -1.05865e-05 3.28339e-14
0.55 1.1 0.85 4.434741e-06 -9.43245e-13 -4.43474e-06 1.401591e-14
0.6 1.1 0.85 1.3778e-06 -5.13367e-13 -1.3778e-06 6.227727e-15
0.65 1.1 0.85 3.341855e-07 -2.66454e-13 -3.34185e-07 3.864118e-15
0.7 1.1 0.85 6.672319e-08 -1.58096e-13 -6.6723e-08 3.329264e-15
0.75 1.1 0.85 1.134509e-08 -1.03917e-13 -1.1345e-08 3.235418e-15
0.8 1.1 0.85 1.618792e-09 -6.83897e-14 -1.61873e-09 3.221989e-15
0.85 1.1 0.85 2.111667e-14 -4.52971e-14 2.111667e-14 3.220206e-15
0.9 1.1 0.85 -2.95707e-10 -3.10862e-14 2.957345e-10 3.220302e-15
0.95 1.1 0.85 -3.98625e-10 -2.57572e-14 3.986476e-10 3.220502e-15
1.0 1.1 0.85 -4.95962e-10 -3.01981e-14 4.959884e-10 3.220792e-15
1.05 1.1 0.85 -6.102e-10 -2.9754e-14 6.102263e-10 3.221189e-15
1.1 1.1 0.85 -7.48122e-10 -2.44249e-14 7.481433e-10 3.221722e-15
0.0 1.1 0.9 0.0001267589 -1.91421e-10 -0.000126759 1.593381e-10
0.05 1.1 0.9 0.0001144056 -9.67075e-11 -0.000114406 7.136215e-11
0.1 1.1 0.9 0.0001021328 -4.98108e-11 -0.000102133 2.996518e-11
0.15 1.1 0.9 8.994848e-05 -2.74643e-11 -8.99485e-05 1.20806e-11
0.2 1.1 0.9 7.786355e-05 -1.65774e-11 -7.78635e-05 4.79472e-12
0.25 1.1 0.9 6.589394e-05 -1.08189e-11 -6.58939e-05 1.921101e-12
0.3 1.1 0.9 5.406765e-05 -7.40386e-12 -5.40676e-05 7.984112e-13
0.35 1.1 0.9 4.2444e-05 -5.1541e-12 -4.2444e-05 3.531737e-13
0.4 1.1 0.9 3.116597e-05 -3.5647e-12 -3.1166e-05 1.676506e-13
0.45 1.1 0.9 2.058512e-05 -2.40519e-12 -2.05851e-05 8.275531e-14
0.5 1.1 0.9 1.14658e-05 -1.55298e-12 -1.14658e-05 3.944699e-14
0.55 1.1 0.9 4.95309e-06 -9.32587e-13 -4.95309e-06 1.698015e-14
0.6 1.1 0.9 1.586205e-06 -5.00489e-13 -1.5862e-06 7.218392e-15
0.65 1.1 0.9 3.939059e-07 -2.51799e-13 -3.93906e-07 4.112431e-15
0.7 1.1 0.9 8.029743e-08 -1.44329e-13 -8.02973e-08 3.378355e-15
0.75 1.1 0.9 1.397501e-08 -8.9706e-14 -1.39749e-08 3.243362e-15
0.8 1.1 0.9 2.174943e-09 -5.41789e-14 -2.17489e-09 3.223064e-15
0.85 1.1 0.9 2.957345e-10 -3.10862e-14 -2.95707e-10 3.220302e-15
0.9 1.1 0.9 6.798646e-15 -1.64313e-14 6.798646e-15 3.21983e-15
0.95 1.1 0.9 -5.2745e-11 -1.19904e-14 5.27535e-11 3.219848e-15
1.0 1.1 0.9 -7.12318e-11 -1.55431e-14 7.124401e-11 3.219884e-15
1.05 1.1 0.9 -8.88019e-11 -1.55431e-14 8.881417e-11 3.219937e-15
1.1 1.1 0.9 -1.09492e-10 -1.02141e-14 1.094992e-10 3.220009e-15
0.0 1.1 0.95 0.0001284566 -2.03644e-10 -0.000128457 1.713499e-10
0.05 1.1 0.95 0.0001160713 -1.02844e-10 -0.000116071 7.733813e-11
0.1 1.1 0.95 0.0001037643 -5.26397e-11 -0.000103764 3.267329e-11
0.15 1.1 0.95 9.154328e-05 -2.87006e-11 -9.15433e-05 1.323056e-11
0.2 1.1 0.95 7.941809e-05 -1.71134e-11 -7.94181e-05 5.26962e-12
0.25 1.1 0.95 6.740348e-05 -1.10592e-11 -6.74035e-05 2.119741e-12
0.3 1.1 0.95 5.552502e-05 -7.51799e-12 -5.5525e-05 8.863985e-13
0.35 1.1 0.95 4.383664e-05 -5.21139e-12 -4.38366e-05 3.961219e-13
0.4 1.1 0.95 3.246822e-05 -3.59535e-12 -3.24682e-05 1.909407e-13
0.45 1.1 0.95 2.174205e-05 -2.4194e-12 -2.1742e-05 9.614908e-14
0.5 1.1 0.95 1.237587e-05 -1.55742e-12 -1.23759e-05 4.68583e-14
0.55 1.1 0.95 5.509599e-06 -9.31255e-13 -5.5096e-06 2.043487e-14
0.6 1.1 0.95 1.819436e-06 -4.96048e-13 -1.81944e-06 8.424471e-15
0.65 1.1 0.95 4.626634e-07 -2.46914e-13 -4.62663e-07 4.425905e-15
0.7 1.1 0.95 9.616569e-08 -1.39e-13 -9.61656e-08 3.442421e-15
0.75 1.1 0.95 1.701039e-08 -8.39329e-14 -1.70103e-08 3.254095e-15
0.8 1.1 0.95 2.696454e-09 -4.88498e-14 -2.69641e-09 3.224622e-15
0.85 1.1 0.95 3.986476e-10 -2.57572e-14 -3.98625e-10 3.220502e-15
0.9 1.1 0.95 5.27535e-11 -1.19904e-14 -5.2745e-11 3.219848e-15
0.95 1.1 0.95 1.733997e-15 -7.10543e-15 1.733997e-15 3.219626e-15
1.0 1.1 0.95 -9.26757e-12 -1.06581e-14 9.274723e-12 3.21963e-15
1.05 1.1 0.95 -1.25329e-11 -1.06581e-14 1.254008e-11 3.219637e-15
1.1 1.1 0.95 -1.56496e-11 -4.88498e-15 1.565134e-11 3.219646e-15
0.0 1.1 1.0 0.0001301421 -2.16637e-10 -0.000130142 1.841192e-10
0.05 1.1 1.0 0.0001177242 -1.09432e-10 -0.000117724 8.37551e-11
0.1 1.1 1.0 0.0001053832 -5.57012e-11 -0.000105383 3.560569e-11
0.15 1.1 1.0 9.31259e-05 -3.00484e-11 -9.31259e-05 1.448239e-11
0.2 1.1 1.0 8.096164e-05 -1.77018e-11 -8.09616e-05 5.787616e-12
0.25 1.1 1.0 6.890392e-05 -1.13252e-11 -6.89039e-05 2.336141e-12
0.3 1.1 1.0 5.697611e-05 -7.6481e-12 -5.69761e-05 9.818727e-13
0.35 1.1 1.0 4.522721e-05 -5.282e-12 -4.52272e-05 4.42513e-13
0.4 1.1 1.0 3.37751e-05 -3.63531e-12 -3.37751e-05 2.160844e-13
0.45 1.1 1.0 2.291457e-05 -2.44382e-12 -2.29146e-05 1.107352e-13
0.5 1.1 1.0 1.33167e-05 -1.57119e-12 -1.33167e-05 5.510932e-14
0.55 1.1 1.0 6.105339e-06 -9.38805e-13 -6.10534e-06 2.442551e-14
0.6 1.1 1.0 2.079853e-06 -5.00044e-13 -2.07985e-06 9.878941e-15
0.65 1.1 1.0 5.41857e-07 -2.51354e-13 -5.41857e-07 4.817754e-15
0.7 1.1 1.0 1.148212e-07 -1.42997e-13 -1.14821e-07 3.525025e-15
0.75 1.1 1.0 2.061719e-08 -8.79297e-14 -2.06171e-08 3.268325e-15
0.8 1.1 1.0 3.304924e-09 -5.32907e-14 -3.30487e-09 3.226746e-15
0.85 1.1 1.0 4.959884e-10 -3.01981e-14 -4.95962e-10 3.220792e-15
0.9 1.1 1.0 7.124401e-11 -1.55431e-14 -7.12318e-11 3.219884e-15
0.95 1.1 1.0 9.274723e-12 -1.06581e-14 -9.26757e-12 3.21963e-15
1.0 1.1 1.0 5.417171e-15 -1.37668e-14 5.417171e-15 3.21946e-15
1.05 1.1 1.0 -1.60857e-12 -1.42109e-14 1.619466e-12 3.219461e-15
1.1 1.1 1.0 -2.18424e-12 -8.88178e-15 2.189647e-12 3.219463e-15
0.0 1.1 1.05 0.0001318241 -2.3042e-10 -0.000131824 1.976806e-10
0.05 1.1 1.05 0.0001193719 -1.16487e-10 -0.000119372 9.063918e-11
0.1 1.1 1.05 0.0001069957 -5.90017e-11 -0.000106996 3.877871e-11
0.15 1.1 1.05 9.470203e-05 -3.1505e-11 -9.4702e-05 1.584453e-11
0.2 1.1 1.05 8.249918e-05 -1.83333e-11 -8.24992e-05 6.352514e-12
0.25 1.1 1.05 7.039955e-05 -1.16076e-11 -7.03995e-05 2.571879e-12
0.3 1.1 1.05 5.842448e-05 -7.78266e-12 -5.84245e-05 1.08546e-12
0.35 1.1 1.05 4.661841e-05 -5.35172e-12 -4.66184e-05 4.925911e-13
0.4 1.1 1.05 3.508823e-05 -3.67439e-12 -3.50882e-05 2.431809e-13
0.45 1.1 1.05 2.4103e-05 -2.46514e-12 -2.4103e-05 1.265635e-13
0.5 1.1 1.05 1.42877e-05 -1.58229e-12 -1.42877e-05 6.424168e-14
0.55 1.1 1.05 6.740864e-06 -9.4369e-13 -6.74086e-06 2.899814e-14
0.6 1.1 1.05 2.369655e-06 -5.01821e-13 -2.36965e-06 1.161784e-14
0.65 1.1 1.05 6.329352e-07 -2.51799e-13 -6.32935e-07 5.303412e-15
0.7 1.1 1.05 1.367636e-07 -1.42997e-13 -1.36763e-07 3.630523e-15
0.75 1.1 1.05 2.492726e-08 -8.79297e-14 -2.49272e-08 3.286978e-15
0.8 1.1 1.05 4.035386e-09 -5.32907e-14 -4.03534e-09 3.22959e-15
0.85 1.1 1.05 6.102263e-10 -2.9754e-14 -6.102e-10 3.221189e-15
0.9 1.1 1.05 8.881417e-11 -1.55431e-14 -8.88019e-11 3.219937e-15
0.95 1.1 1.05 1.254008e-11 -1.06581e-14 -1.25329e-11 3.219637e-15
1.0 1.1 1.05 1.619466e-12 -1.42109e-14 -1.60857e-12 3.219461e-15
1.05 1.1 1.05 5.48265e-15 -1.37668e-14 5.48265e-15 3.219307e-15
1.1 1.1 1.05 -2.78784e-13 -8.88178e-15 2.842583e-13 3.219307e-15
0.0 1.1 1.1 0.0001335127 -2.45029e-10 -0.000133513 2.120694e-10
0.05 1.1 1.1 0.0001210227 -1.24031e-10 -0.000121023 9.801741e-11
0.1 1.1 1.1 0.0001086092 -6.25562e-11 -0.000108609 4.22096e-11
0.15 1.1 1.1 9.627767e-05 -3.30753e-11 -9.62777e-05 1.732605e-11
0.2 1.1 1.1 8.403566e-05 -1.9011e-11 -8.40356e-05 6.968451e-12
0.25 1.1 1.1 7.189439e-05 -1.19056e-11 -7.18944e-05 2.828685e-12
0.3 1.1 1.1 5.987326e-05 -7.91989e-12 -5.98732e-05 1.197849e-12
0.35 1.1 1.1 4.801249e-05 -5.41878e-12 -4.80125e-05 5.466263e-13
0.4 1.1 1.1 3.640882e-05 -3.70859e-12 -3.64088e-05 2.723392e-13
0.45 1.1 1.1 2.530735e-05 -2.48157e-12 -2.53074e-05 1.436873e-13
0.5 1.1 1.1 1.528803e-05 -1.58851e-12 -1.5288e-05 7.429686e-14
0.55 1.1 1.1 7.416359e-06 -9.42357e-13 -7.41636e-06 3.419894e-14
0.6 1.1 1.1 2.690925e-06 -4.97824e-13 -2.69092e-06 1.368007e-14
0.65 1.1 1.1 7.374443e-07 -2.46025e-13 -7.37444e-07 5.900723e-15
0.7 1.1 1.1 1.625433e-07 -1.37668e-13 -1.62543e-07 3.764161e-15
0.75 1.1 1.1 3.0082e-08 -8.26006e-14 -3.00819e-08 3.31121e-15
0.8 1.1 1.1 4.917529e-09 -4.75175e-14 -4.91748e-09 3.233356e-15
0.85 1.1 1.1 7.481433e-10 -2.44249e-14 -7.48122e-10 3.221722e-15
0.9 1.1 1.1 1.094992e-10 -1.02141e-14 -1.09492e-10 3.220009e-15
0.95 1.1 1.1 1.565134e-11 -4.88498e-15 -1.56496e-11 3.219646e-15
1.0 1.1 1.1 2.189647e-12 -8.88178e-15 -2.18424e-12 3.219463e-15
1.05 1.1 1.1 2.842583e-13 -8.88178e-15 -2.78784e-13 3.219307e-15
1.1 1.1 1.1 -8.06632e-18 -2.66454e-15 -8.06632e-18 3.219161e-15
