v(drain) v(gate) v(source) i(vd) i(vg) i(vs) i(vb)
0.0 0.0 0.0 8.066321e-18 1.511165e-15 8.066321e-18 -1.4988e-15
0.05 0.0 0.0 -6.78782e-14 3.976307e-14 2.964246e-14 -1.4988e-15
0.1 0.0 0.0 -3.00656e-13 4.005473e-14 2.621289e-13 -1.4988e-15
0.15 0.0 0.0 -2.08016e-12 1.41186e-14 2.067567e-12 -1.4988e-15
0.2 0.0 0.0 -1.59183e-11 5.027073e-14 1.586953e-11 -1.4988e-15
0.25 0.0 0.0 -1.19228e-10 1.499117e-13 1.1908e-10 -1.4988e-15
0.3 0.0 0.0 -8.63943e-10 3.059941e-13 8.636383e-10 -1.4988e-15
0.35 0.0 0.0 -5.88238e-09 5.334494e-13 5.881846e-09 -1.58207e-15
0.4 0.0 0.0 -3.58724e-08 8.605464e-13 3.587152e-08 -1.60982e-15
0.45 0.0 0.0 -1.87983e-07 1.391588e-12 1.879815e-07 -2.33147e-15
0.5 0.0 0.0 -8.24187e-07 2.52943e-12 8.241847e-07 -4.996e-15
0.55 0.0 0.0 -2.78665e-06 4.784057e-12 2.786642e-06 -1.33782e-14
0.6 0.0 0.0 -6.8472e-06 8.147063e-12 6.847194e-06 -3.2585e-14
0.65 0.0 0.0 -1.29014e-05 1.264043e-11 1.290143e-05 -6.88616e-14
0.7 0.0 0.0 -2.03638e-05 1.845635e-11 2.03638e-05 -1.37806e-13
0.75 0.0 0.0 -2.87455e-05 2.587838e-11 2.874544e-05 -2.84328e-13
0.8 0.0 0.0 -3.77507e-05 3.53138e-11 3.775064e-05 -6.31717e-13
0.85 0.0 0.0 -4.72062e-05 4.742328e-11 4.720614e-05 -1.50802e-12
0.9 0.0 0.0 -5.70032e-05 6.344295e-11 5.700317e-05 -3.76238e-12
0.95 0.0 0.0 -6.70682e-05 8.592318e-11 6.706809e-05 -9.49818e-12
1.0 0.0 0.0 -7.73486e-05 1.201946e-10 7.734851e-05 -2.35302e-11
1.05 0.0 0.0 -8.78065e-05 1.765766e-10 8.780637e-05 -5.55864e-11
1.1 0.0 0.0 -9.84142e-05 2.723562e-10 9.841404e-05 -1.22275e-10
0.0 0.0 0.05 2.964246e-14 3.976307e-14 -6.78782e-14 -1.4988e-15
0.05 0.0 0.05 -3.82438e-14 7.801489e-14 -3.82438e-14 -1.4988e-15
0.1 0.0 0.05 -2.15867e-13 7.830655e-14 1.390881e-13 -1.4988e-15
0.15 0.0 0.05 -1.56951e-12 5.237043e-14 1.518666e-12 -1.4988e-15
0.2 0.0 0.05 -1.22156e-11 8.852256e-14 1.212857e-11 -1.4988e-15
0.25 0.0 0.05 -9.21922e-11 1.881635e-13 9.200555e-11 -1.4988e-15
0.3 0.0 0.05 -6.72926e-10 3.442457e-13 6.725828e-10 -1.60982e-15
0.35 0.0 0.05 -4.63194e-09 5.716999e-13 4.631372e-09 -1.58207e-15
0.4 0.0 0.05 -2.87183e-08 8.987852e-13 2.871741e-08 -1.66533e-15
0.45 0.0 0.05 -1.53528e-07 1.42962e-12 1.535262e-07 -2.13718e-15
0.5 0.0 0.05 -6.90307e-07 2.564832e-12 6.903048e-07 -4.16334e-15
0.55 0.0 0.05 -2.42251e-06 4.806916e-12 2.422505e-06 -1.1019e-14
0.6 0.0 0.05 -6.1818e-06 8.143607e-12 6.181788e-06 -2.7367e-14
0.65 0.0 0.05 -1.19728e-05 1.259903e-11 1.197274e-05 -5.90916e-14
0.7 0.0 0.05 -1.92357e-05 1.836458e-11 1.923571e-05 -1.20293e-13
0.75 0.0 0.05 -2.74641e-05 2.571722e-11 2.746408e-05 -2.50938e-13
0.8 0.0 0.05 -3.63449e-05 3.504841e-11 3.634488e-05 -5.61107e-13
0.85 0.0 0.05 -4.56947e-05 4.698169e-11 4.569468e-05 -1.34484e-12
0.9 0.0 0.05 -5.53988e-05 6.266451e-11 5.539876e-05 -3.36578e-12
0.95 0.0 0.05 -6.53795e-05 8.444504e-11 6.537945e-05 -8.52796e-12
1.0 0.0 0.05 -7.55812e-05 1.172455e-10 7.558113e-05 -2.12423e-11
1.05 0.0 0.05 -8.59629e-05 1.707178e-10 8.596278e-05 -5.05725e-11
1.1 0.0 0.05 -9.64939e-05 2.613343e-10 9.649379e-05 -1.12317e-10
0.0 0.0 0.1 2.621289e-13 4.005473e-14 -3.00656e-13 -1.4988e-15
0.05 0.0 0.1 1.390881e-13 7.830655e-14 -2.15867e-13 -1.4988e-15
0.1 0.0 0.1 -3.85353e-14 7.859811e-14 -3.85353e-14 -1.4988e-15
0.15 0.0 0.1 -1.06719e-12 5.266198e-14 1.01606e-12 -1.4988e-15
0.2 0.0 0.1 -9.22144e-12 8.881411e-14 9.134154e-12 -1.4988e-15
0.25 0.0 0.1 -7.0857e-11 1.88455e-13 7.067005e-11 -1.4988e-15
0.3 0.0 0.1 -5.22256e-10 3.445372e-13 5.219133e-10 -1.60982e-15
0.35 0.0 0.1 -3.63593e-09 5.719906e-13 3.635355e-09 -1.60982e-15
0.4 0.0 0.1 -2.29162e-08 8.990669e-13 2.291533e-08 -1.66533e-15
0.45 0.0 0.1 -1.24979e-07 1.429725e-12 1.249774e-07 -2.08167e-15
0.5 0.0 0.1 -5.75692e-07 2.562551e-12 5.756893e-07 -3.55271e-15
0.55 0.0 0.1 -2.09466e-06 4.7927e-12 2.094659e-06 -9.02056e-15
0.6 0.0 0.1 -5.55567e-06 8.103587e-12 5.555662e-06 -2.28983e-14
0.65 0.0 0.1 -1.10756e-05 1.252153e-11 1.10756e-05 -5.04319e-14
0.7 0.0 0.1 -1.81308e-05 1.823769e-11 1.813081e-05 -1.04361e-13
0.75 0.0 0.1 -2.61997e-05 2.552307e-11 2.619968e-05 -2.20463e-13
0.8 0.0 0.1 -3.49519e-05 3.475469e-11 3.495183e-05 -4.9738e-13
0.85 0.0 0.1 -4.41935e-05 4.652244e-11 4.419342e-05 -1.19788e-12
0.9 0.0 0.1 -5.38039e-05 6.189333e-11 5.380383e-05 -3.0084e-12
0.95 0.0 0.1 -6.37017e-05 8.303045e-11 6.370161e-05 -7.65157e-12
1.0 0.0 0.1 -7.38284e-05 1.144753e-10 7.382831e-05 -1.91609e-11
1.05 0.0 0.1 -8.41406e-05 1.652387e-10 8.414046e-05 -4.59635e-11
1.1 0.0 0.1 -9.46053e-05 2.50983e-10 9.460516e-05 -1.03052e-10
0.0 0.0 0.15 2.067567e-12 1.41186e-14 -2.08016e-12 -1.4988e-15
0.05 0.0 0.15 1.518666e-12 5.237043e-14 -1.56951e-12 -1.4988e-15
0.1 0.0 0.15 1.01606e-12 5.266198e-14 -1.06719e-12 -1.4988e-15
0.15 0.0 0.15 -1.25989e-14 2.672542e-14 -1.25989e-14 -1.4988e-15
0.2 0.0 0.15 -6.27152e-12 6.287756e-14 6.210169e-12 -1.4988e-15
0.25 0.0 0.15 -5.35567e-11 1.625185e-13 5.339574e-11 -1.4988e-15
0.3 0.0 0.15 -4.02722e-10 3.186006e-13 4.024054e-10 -1.4988e-15
0.35 0.0 0.15 -2.8421e-09 5.460537e-13 2.841553e-09 -1.60982e-15
0.4 0.0 0.15 -1.82173e-08 8.731238e-13 1.821641e-08 -1.60982e-15
0.45 0.0 0.15 -1.01377e-07 1.403635e-12 1.013758e-07 -1.88738e-15
0.5 0.0 0.15 -4.78033e-07 2.534316e-12 4.780305e-07 -3.05311e-15
0.55 0.0 0.15 -1.8012e-06 4.753165e-12 1.801194e-06 -7.54952e-15
0.6 0.0 0.15 -4.96866e-06 8.038815e-12 4.96865e-06 -1.89293e-14
0.65 0.0 0.15 -1.021e-05 1.241978e-11 1.020999e-05 -4.26881e-14
0.7 0.0 0.15 -1.70481e-05 1.80875e-11 1.704809e-05 -8.99281e-14
0.75 0.0 0.15 -2.49499e-05 2.530768e-11 2.494986e-05 -1.93012e-13
0.8 0.0 0.15 -3.35676e-05 3.444414e-11 3.356753e-05 -4.39565e-13
0.85 0.0 0.15 -4.26965e-05 4.605623e-11 4.269647e-05 -1.06531e-12
0.9 0.0 0.15 -5.22101e-05 6.1138e-11 5.221009e-05 -2.68663e-12
0.95 0.0 0.15 -6.20233e-05 8.168342e-11 6.202326e-05 -6.86035e-12
1.0 0.0 0.15 -7.2075e-05 1.118798e-10 7.207488e-05 -1.72696e-11
1.05 0.0 0.15 -8.23195e-05 1.601251e-10 8.23194e-05 -4.17323e-11
1.1 0.0 0.15 -9.27221e-05 2.412791e-10 9.272199e-05 -9.44434e-11
0.0 0.0 0.2 1.586953e-11 5.027073e-14 -1.59183e-11 -1.4988e-15
0.05 0.0 0.2 1.212857e-11 8.852256e-14 -1.22156e-11 -1.4988e-15
0.1 0.0 0.2 9.134154e-12 8.881411e-14 -9.22144e-12 -1.4988e-15
0.15 0.0 0.2 6.210169e-12 6.287756e-14 -6.27152e-12 -1.4988e-15
0.2 0.0 0.2 -4.87493e-14 9.902624e-14 -4.87493e-14 -1.4988e-15
0.25 0.0 0.2 -3.6459e-11 1.986673e-13 3.626181e-11 -1.4988e-15
0.3 0.0 0.2 -3.05284e-10 3.547496e-13 3.049307e-10 -1.4988e-15
0.35 0.0 0.2 -2.20605e-09 5.82203e-13 2.205472e-09 -1.60982e-15
0.4 0.0 0.2 -1.44112e-08 9.092702e-13 1.441028e-08 -1.58207e-15
0.45 0.0 0.2 -8.18948e-08 1.439665e-12 8.18934e-08 -1.83187e-15
0.5 0.0 0.2 -3.95163e-07 2.56844e-12 3.951603e-07 -2.72005e-15
0.55 0.0 0.2 -1.54e-06 4.776662e-12 1.539999e-06 -6.10623e-15
0.6 0.0 0.2 -4.42043e-06 8.037711e-12 4.420424e-06 -1.55431e-14
0.65 0.0 0.2 -9.37595e-06 1.238224e-11 9.375936e-06 -3.56659e-14
0.7 0.0 0.2 -1.59867e-05 1.800252e-11 1.598669e-05 -7.6994e-14
0.75 0.0 0.2 -2.37126e-05 2.515956e-11 2.371254e-05 -1.68004e-13
0.8 0.0 0.2 -3.21886e-05 3.420509e-11 3.218858e-05 -3.87385e-13
0.85 0.0 0.2 -4.11991e-05 4.567072e-11 4.119911e-05 -9.45716e-13
0.9 0.0 0.2 -5.06114e-05 6.04844e-11 5.061134e-05 -2.39703e-12
0.95 0.0 0.2 -6.03365e-05 8.048567e-11 6.033641e-05 -6.14633e-12
1.0 0.0 0.2 -7.03107e-05 1.095334e-10 7.031065e-05 -1.55524e-11
1.05 0.0 0.2 -8.04866e-05 1.554414e-10 8.048651e-05 -3.78529e-11
1.1 0.0 0.2 -9.08277e-05 2.322776e-10 9.082751e-05 -8.64556e-11
0.0 0.0 0.25 1.1908e-10 1.499117e-13 -1.19228e-10 -1.4988e-15
0.05 0.0 0.25 9.200555e-11 1.881635e-13 -9.21922e-11 -1.4988e-15
0.1 0.0 0.25 7.067005e-11 1.88455e-13 -7.0857e-11 -1.4988e-15
0.15 0.0 0.25 5.339574e-11 1.625185e-13 -5.35567e-11 -1.4988e-15
0.2 0.0 0.25 3.626181e-11 1.986673e-13 -3.6459e-11 -1.4988e-15
0.25 0.0 0.25 -1.48376e-13 2.98279e-13 -1.48376e-13 -1.4988e-15
0.3 0.0 0.25 -2.0837e-10 4.543622e-13 2.079175e-10 -1.4988e-15
0.35 0.0 0.25 -1.68239e-09 6.81817e-13 1.681709e-09 -1.60982e-15
0.4 0.0 0.25 -1.13125e-08 1.008886e-12 1.131153e-08 -1.58207e-15
0.45 0.0 0.25 -6.58079e-08 1.539197e-12 6.580636e-08 -1.83187e-15
0.5 0.0 0.25 -3.25049e-07 2.666311e-12 3.250464e-07 -2.498e-15
0.55 0.0 0.25 -1.30874e-06 4.864622e-12 1.308738e-06 -4.996e-15
0.6 0.0 0.25 -3.9103e-06 8.10181e-12 3.910296e-06 -1.25733e-14
0.65 0.0 0.25 -8.57312e-06 1.241054e-11 8.573104e-06 -2.95042e-14
0.7 0.0 0.25 -1.49452e-05 1.798449e-11 1.494518e-05 -6.53921e-14
0.75 0.0 0.25 -2.24849e-05 2.508053e-11 2.248484e-05 -1.45439e-13
0.8 0.0 0.25 -3.08108e-05 3.403932e-11 3.081075e-05 -3.40283e-13
0.85 0.0 0.25 -3.96959e-05 4.536724e-11 3.969588e-05 -8.38218e-13
0.9 0.0 0.25 -4.90011e-05 5.993232e-11 4.900103e-05 -2.13629e-12
0.95 0.0 0.25 -5.86335e-05 7.943331e-11 5.863344e-05 -5.50265e-12
1.0 0.0 0.25 -6.85269e-05 1.07425e-10 6.85268e-05 -1.39949e-11
1.05 0.0 0.25 -7.86316e-05 1.511668e-10 7.863153e-05 -3.43008e-11
1.1 0.0 0.25 -8.89097e-05 2.239483e-10 8.890952e-05 -7.9054e-11
0.0 0.0 0.3 8.636383e-10 3.059941e-13 -8.63943e-10 -1.4988e-15
0.05 0.0 0.3 6.725828e-10 3.442457e-13 -6.72926e-10 -1.60982e-15
0.1 0.0 0.3 5.219133e-10 3.445372e-13 -5.22256e-10 -1.60982e-15
0.15 0.0 0.3 4.024054e-10 3.186006e-13 -4.02722e-10 -1.4988e-15
0.2 0.0 0.3 3.049307e-10 3.547496e-13 -3.05284e-10 -1.4988e-15
0.25 0.0 0.3 2.079175e-10 4.543622e-13 -2.0837e-10 -1.4988e-15
0.3 0.0 0.3 -3.04336e-13 6.10201e-13 -3.04336e-13 -1.4988e-15
0.35 0.0 0.3 -1.15477e-09 8.376638e-13 1.153937e-09 -1.4988e-15
0.4 0.0 0.3 -8.71795e-09 1.164743e-12 8.716785e-09 -1.60982e-15
0.45 0.0 0.3 -5.24468e-08 1.695013e-12 5.24451e-08 -1.66533e-15
0.5 0.0 0.3 -2.65758e-07 2.820731e-12 2.65755e-07 -2.19269e-15
0.55 0.0 0.3 -1.1048e-06 5.009915e-12 1.104793e-06 -4.16334e-15
0.6 0.0 0.3 -3.43699e-06 8.22413e-12 3.436979e-06 -9.99201e-15
0.65 0.0 0.3 -7.80035e-06 1.249789e-11 7.800333e-06 -2.41751e-14
0.7 0.0 0.3 -1.39208e-05 1.802684e-11 1.392081e-05 -5.49005e-14
0.75 0.0 0.3 -2.1262e-05 2.506429e-11 2.126198e-05 -1.25233e-13
0.8 0.0 0.3 -2.94275e-05 3.394069e-11 2.942745e-05 -2.97928e-13
0.85 0.0 0.3 -3.81788e-05 4.513943e-11 3.817875e-05 -7.41518e-13
0.9 0.0 0.3 -4.73701e-05 5.947421e-11 4.737003e-05 -1.90206e-12
0.95 0.0 0.3 -5.69045e-05 7.851556e-11 5.690442e-05 -4.92242e-12
1.0 0.0 0.3 -6.67128e-05 1.055375e-10 6.671275e-05 -1.25837e-11
1.05 0.0 0.3 -7.67434e-05 1.472749e-10 7.674327e-05 -3.10526e-11
1.1 0.0 0.3 -8.69563e-05 2.162554e-10 8.695612e-05 -7.22051e-11
0.0 0.0 0.35 5.881846e-09 5.334494e-13 -5.88238e-09 -1.58207e-15
0.05 0.0 0.35 4.631372e-09 5.716999e-13 -4.63194e-09 -1.58207e-15
0.1 0.0 0.35 3.635355e-09 5.719906e-13 -3.63593e-09 -1.60982e-15
0.15 0.0 0.35 2.841553e-09 5.460537e-13 -2.8421e-09 -1.60982e-15
0.2 0.0 0.35 2.205472e-09 5.82203e-13 -2.20605e-09 -1.60982e-15
0.25 0.0 0.35 1.681709e-09 6.81817e-13 -1.68239e-09 -1.60982e-15
0.3 0.0 0.35 1.153937e-09 8.376638e-13 -1.15477e-09 -1.4988e-15
0.35 0.0 0.35 -5.30806e-13 1.063143e-12 -5.30806e-13 -1.60982e-15
0.4 0.0 0.35 -6.03953e-09 1.390285e-12 6.038145e-09 -1.4988e-15
0.45 0.0 0.35 -4.09956e-08 1.92058e-12 4.099372e-08 -1.66533e-15
0.5 0.0 0.35 -2.15285e-07 3.045222e-12 2.152821e-07 -2.08167e-15
0.55 0.0 0.35 -9.25066e-07 5.226175e-12 9.250606e-07 -3.52496e-15
0.6 0.0 0.35 -2.99812e-06 8.418547e-12 2.998108e-06 -8.10463e-15
0.65 0.0 0.35 -7.05475e-06 1.265853e-11 7.054737e-06 -1.95954e-14
0.7 0.0 0.35 -1.29081e-05 1.814427e-11 1.290807e-05 -4.57412e-14
0.75 0.0 0.35 -2.00354e-05 2.512607e-11 2.003534e-05 -1.07025e-13
0.8 0.0 0.35 -2.80274e-05 3.39249e-11 2.80274e-05 -2.5957e-13
0.85 0.0 0.35 -3.66346e-05 4.500312e-11 3.663452e-05 -6.54476e-13
0.9 0.0 0.35 -4.57039e-05 5.912515e-11 4.570389e-05 -1.69145e-12
0.95 0.0 0.35 -5.51343e-05 7.774485e-11 5.513419e-05 -4.40015e-12
1.0 0.0 0.35 -6.48531e-05 1.038775e-10 6.485304e-05 -1.13062e-11
1.05 0.0 0.35 -7.48063e-05 1.437633e-10 7.480622e-05 -2.80858e-11
1.1 0.0 0.35 -8.4952e-05 2.091871e-10 8.495188e-05 -6.58767e-11
0.0 0.0 0.4 3.587152e-08 8.605464e-13 -3.58724e-08 -1.60982e-15
0.05 0.0 0.4 2.871741e-08 8.987852e-13 -2.87183e-08 -1.66533e-15
0.1 0.0 0.4 2.291533e-08 8.990669e-13 -2.29162e-08 -1.66533e-15
0.15 0.0 0.4 1.821641e-08 8.731238e-13 -1.82173e-08 -1.60982e-15
0.2 0.0 0.4 1.441028e-08 9.092702e-13 -1.44112e-08 -1.58207e-15
0.25 0.0 0.4 1.131153e-08 1.008886e-12 -1.13125e-08 -1.58207e-15
0.3 0.0 0.4 8.716785e-09 1.164743e-12 -8.71795e-09 -1.60982e-15
0.35 0.0 0.4 6.038145e-09 1.390285e-12 -6.03953e-09 -1.4988e-15
0.4 0.0 0.4 -8.50134e-13 1.701805e-12 -8.50134e-13 -1.60982e-15
0.45 0.0 0.4 -2.86873e-08 2.232529e-12 2.868506e-08 -1.60982e-15
0.5 0.0 0.4 -1.70624e-07 3.356507e-12 1.706208e-07 -1.88738e-15
0.55 0.0 0.4 -7.65074e-07 5.530306e-12 7.650688e-07 -2.85882e-15
0.6 0.0 0.4 -2.58882e-06 8.702382e-12 2.588808e-06 -6.41154e-15
0.65 0.0 0.4 -6.32934e-06 1.291045e-11 6.329331e-06 -1.56264e-14
0.7 0.0 0.4 -1.18953e-05 1.835572e-11 1.189527e-05 -3.74978e-14
0.75 0.0 0.4 -1.87882e-05 2.528589e-11 1.878821e-05 -9.07885e-14
0.8 0.0 0.4 -2.659e-05 3.401297e-11 2.658997e-05 -2.25403e-13
0.85 0.0 0.4 -3.50401e-05 4.498e-11 3.504003e-05 -5.76539e-13
0.9 0.0 0.4 -4.39782e-05 5.890666e-11 4.397812e-05 -1.50238e-12
0.95 0.0 0.4 -5.32979e-05 7.71407e-11 5.329784e-05 -3.92997e-12
1.0 0.0 0.4 -6.29231e-05 1.024595e-10 6.292301e-05 -1.01508e-11
1.05 0.0 0.4 -7.27965e-05 1.40638e-10 7.279638e-05 -2.53796e-11
1.1 0.0 0.4 -8.28739e-05 2.027403e-10 8.287372e-05 -6.00375e-11
0.0 0.0 0.45 1.879815e-07 1.391588e-12 -1.87983e-07 -2.33147e-15
0.05 0.0 0.45 1.535262e-07 1.42962e-12 -1.53528e-07 -2.13718e-15
0.1 0.0 0.45 1.249774e-07 1.429725e-12 -1.24979e-07 -2.08167e-15
0.15 0.0 0.45 1.013758e-07 1.403635e-12 -1.01377e-07 -1.88738e-15
0.2 0.0 0.45 8.18934e-08 1.439665e-12 -8.18948e-08 -1.83187e-15
0.25 0.0 0.45 6.580636e-08 1.539197e-12 -6.58079e-08 -1.83187e-15
0.3 0.0 0.45 5.24451e-08 1.695013e-12 -5.24468e-08 -1.66533e-15
0.35 0.0 0.45 4.099372e-08 1.92058e-12 -4.09956e-08 -1.66533e-15
0.4 0.0 0.45 2.868506e-08 2.232529e-12 -2.86873e-08 -1.60982e-15
0.45 0.0 0.45 -1.3245e-12 2.65056e-12 -1.3245e-12 -1.60982e-15
0.5 0.0 0.45 -1.19259e-07 3.776283e-12 1.192557e-07 -1.88738e-15
0.55 0.0 0.45 -6.13831e-07 5.943986e-12 6.138252e-07 -2.498e-15
0.6 0.0 0.45 -2.19602e-06 9.097903e-12 2.196013e-06 -5.13478e-15
0.65 0.0 0.45 -5.6054e-06 1.327728e-11 5.605385e-06 -1.23235e-14
0.7 0.0 0.45 -1.08549e-05 1.868664e-11 1.085493e-05 -3.06699e-14
0.75 0.0 0.45 -1.74851e-05 2.557118e-11 1.748507e-05 -7.65221e-14
0.8 0.0 0.45 -2.50744e-05 3.423424e-11 2.507433e-05 -1.94983e-13
0.85 0.0 0.45 -3.33519e-05 4.510087e-11 3.335183e-05 -5.06872e-13
0.9 0.0 0.45 -4.21488e-05 5.885008e-11 4.214875e-05 -1.33293e-12
0.95 0.0 0.45 -5.13523e-05 7.673323e-11 5.135226e-05 -3.50756e-12
1.0 0.0 0.45 -6.08813e-05 1.013092e-10 6.088124e-05 -9.10697e-12
1.05 0.0 0.45 -7.06747e-05 1.379173e-10 7.067457e-05 -2.29142e-11
1.1 0.0 0.45 -8.06851e-05 1.969243e-10 8.068492e-05 -5.46575e-11
0.0 0.0 0.5 8.241847e-07 2.52943e-12 -8.24187e-07 -4.996e-15
0.05 0.0 0.5 6.903048e-07 2.564832e-12 -6.90307e-07 -4.16334e-15
0.1 0.0 0.5 5.756893e-07 2.562551e-12 -5.75692e-07 -3.55271e-15
0.15 0.0 0.5 4.780305e-07 2.534316e-12 -4.78033e-07 -3.05311e-15
0.2 0.0 0.5 3.951603e-07 2.56844e-12 -3.95163e-07 -2.72005e-15
0.25 0.0 0.5 3.250464e-07 2.666311e-12 -3.25049e-07 -2.498e-15
0.3 0.0 0.5 2.65755e-07 2.820731e-12 -2.65758e-07 -2.19269e-15
0.35 0.0 0.5 2.152821e-07 3.045222e-12 -2.15285e-07 -2.08167e-15
0.4 0.0 0.5 1.706208e-07 3.356507e-12 -1.70624e-07 -1.88738e-15
0.45 0.0 0.5 1.192557e-07 3.776283e-12 -1.19259e-07 -1.88738e-15
0.5 0.0 0.5 -2.16376e-12 4.329206e-12 -2.16376e-12 -1.83187e-15
0.55 0.0 0.5 -4.16197e-07 6.499475e-12 4.161907e-07 -2.30371e-15
0.6 0.0 0.5 -1.76946e-06 9.637538e-12 1.769447e-06 -4.10783e-15
0.65 0.0 0.5 -4.82381e-06 1.379333e-11 4.823798e-06 -9.82547e-15
0.7 0.0 0.5 -9.715e-06 1.917437e-11 9.714984e-06 -2.498e-14
0.75 0.0 0.5 -1.60444e-05 2.602262e-11 1.604438e-05 -6.43929e-14
0.8 0.0 0.5 -2.33949e-05 3.463248e-11 2.339489e-05 -1.68393e-13
0.85 0.0 0.5 -3.14847e-05 4.541206e-11 3.148466e-05 -4.45116e-13
0.9 0.0 0.5 -4.01337e-05 5.900331e-11 4.013364e-05 -1.18175e-12
0.95 0.0 0.5 -4.92201e-05 7.657007e-11 4.922002e-05 -3.12858e-12
1.0 0.0 0.5 -5.86559e-05 1.004711e-10 5.865579e-05 -8.16514e-12
1.05 0.0 0.5 -6.83747e-05 1.356383e-10 6.837456e-05 -2.06712e-11
1.1 0.0 0.5 -7.83251e-05 1.917674e-10 7.832493e-05 -4.97079e-11
0.0 0.0 0.55 2.786642e-06 4.784057e-12 -2.78665e-06 -1.33782e-14
0.05 0.0 0.55 2.422505e-06 4.806916e-12 -2.42251e-06 -1.1019e-14
0.1 0.0 0.55 2.094659e-06 4.7927e-12 -2.09466e-06 -9.02056e-15
0.15 0.0 0.55 1.801194e-06 4.753165e-12 -1.8012e-06 -7.54952e-15
0.2 0.0 0.55 1.539999e-06 4.776662e-12 -1.54e-06 -6.10623e-15
0.25 0.0 0.55 1.308738e-06 4.864622e-12 -1.30874e-06 -4.996e-15
0.3 0.0 0.55 1.104793e-06 5.009915e-12 -1.1048e-06 -4.16334e-15
0.35 0.0 0.55 9.250606e-07 5.226175e-12 -9.25066e-07 -3.52496e-15
0.4 0.0 0.55 7.650688e-07 5.530306e-12 -7.65074e-07 -2.85882e-15
0.45 0.0 0.55 6.138252e-07 5.943986e-12 -6.13831e-07 -2.498e-15
0.5 0.0 0.55 4.161907e-07 6.499475e-12 -4.16197e-07 -2.30371e-15
0.55 0.0 0.55 -3.61084e-12 7.223763e-12 -3.61084e-12 -2.2482e-15
0.6 0.0 0.55 -1.12406e-06 1.036744e-11 1.124046e-06 -3.55271e-15
0.65 0.0 0.55 -3.80534e-06 1.45076e-11 3.805328e-06 -7.99361e-15
0.7 0.0 0.55 -8.29657e-06 1.987159e-11 8.296554e-06 -2.05669e-14
0.75 0.0 0.55 -1.42902e-05 2.669755e-11 1.429015e-05 -5.44564e-14
0.8 0.0 0.55 -2.13828e-05 3.527014e-11 2.138274e-05 -1.45883e-13
0.85 0.0 0.55 -2.92796e-05 4.59809e-11 2.927953e-05 -3.91159e-13
0.9 0.0 0.55 -3.77853e-05 5.943758e-11 3.778525e-05 -1.04772e-12
0.95 0.0 0.55 -4.67658e-05 7.672439e-11 4.67657e-05 -2.78982e-12
1.0 0.0 0.55 -5.61236e-05 1.000169e-10 5.612347e-05 -7.31695e-12
1.05 0.0 0.55 -6.57852e-05 1.338676e-10 6.578505e-05 -1.86337e-11
1.1 0.0 0.55 -7.56939e-05 1.873284e-10 7.569372e-05 -4.5161e-11
0.0 0.0 0.6 6.847194e-06 8.147063e-12 -6.8472e-06 -3.2585e-14
0.05 0.0 0.6 6.181788e-06 8.143607e-12 -6.1818e-06 -2.7367e-14
0.1 0.0 0.6 5.555662e-06 8.103587e-12 -5.55567e-06 -2.28983e-14
0.15 0.0 0.6 4.96865e-06 8.038815e-12 -4.96866e-06 -1.89293e-14
0.2 0.0 0.6 4.420424e-06 8.037711e-12 -4.42043e-06 -1.55431e-14
0.25 0.0 0.6 3.910296e-06 8.10181e-12 -3.9103e-06 -1.25733e-14
0.3 0.0 0.6 3.436979e-06 8.22413e-12 -3.43699e-06 -9.99201e-15
0.35 0.0 0.6 2.998108e-06 8.418547e-12 -2.99812e-06 -8.10463e-15
0.4 0.0 0.6 2.588808e-06 8.702382e-12 -2.58882e-06 -6.41154e-15
0.45 0.0 0.6 2.196013e-06 9.097903e-12 -2.19602e-06 -5.13478e-15
0.5 0.0 0.6 1.769447e-06 9.637538e-12 -1.76946e-06 -4.10783e-15
0.55 0.0 0.6 1.124046e-06 1.036744e-11 -1.12406e-06 -3.55271e-15
0.6 0.0 0.6 -5.6482e-12 1.129962e-11 -5.6482e-12 -3.21965e-15
0.65 0.0 0.6 -2.25838e-06 1.545949e-11 2.258362e-06 -6.88338e-15
0.7 0.0 0.6 -6.32228e-06 2.082167e-11 6.322259e-06 -1.7486e-14
0.75 0.0 0.6 -1.19649e-05 2.764575e-11 1.196485e-05 -4.70735e-14
0.8 0.0 0.6 -1.87982e-05 3.62059e-11 1.87982e-05 -1.27232e-13
0.85 0.0 0.6 -2.65121e-05 4.687679e-11 2.651209e-05 -3.44752e-13
0.9 0.0 0.6 -3.48931e-05 6.023345e-11 3.489308e-05 -9.29756e-13
0.95 0.0 0.6 -4.37925e-05 7.728655e-11 4.379243e-05 -2.4879e-12
1.0 0.0 0.6 -5.31016e-05 1.000433e-10 5.310146e-05 -6.5549e-12
1.05 0.0 0.6 -6.2738e-05 1.327032e-10 6.273788e-05 -1.67861e-11
1.1 0.0 0.6 -7.26383e-05 1.837026e-10 7.263812e-05 -4.09912e-11
0.0 0.0 0.65 1.290143e-05 1.264043e-11 -1.29014e-05 -6.88616e-14
0.05 0.0 0.65 1.197274e-05 1.259903e-11 -1.19728e-05 -5.90916e-14
0.1 0.0 0.65 1.10756e-05 1.252153e-11 -1.10756e-05 -5.04319e-14
0.15 0.0 0.65 1.020999e-05 1.241978e-11 -1.021e-05 -4.26881e-14
0.2 0.0 0.65 9.375936e-06 1.238224e-11 -9.37595e-06 -3.56659e-14
0.25 0.0 0.65 8.573104e-06 1.241054e-11 -8.57312e-06 -2.95042e-14
0.3 0.0 0.65 7.800333e-06 1.249789e-11 -7.80035e-06 -2.41751e-14
0.35 0.0 0.65 7.054737e-06 1.265853e-11 -7.05475e-06 -1.95954e-14
0.4 0.0 0.65 6.329331e-06 1.291045e-11 -6.32934e-06 -1.56264e-14
0.45 0.0 0.65 5.605385e-06 1.327728e-11 -5.6054e-06 -1.23235e-14
0.5 0.0 0.65 4.823798e-06 1.379333e-11 -4.82381e-06 -9.82547e-15
0.55 0.0 0.65 3.805328e-06 1.45076e-11 -3.80534e-06 -7.99361e-15
0.6 0.0 0.65 2.258362e-06 1.545949e-11 -2.25838e-06 -6.88338e-15
0.65 0.0 0.65 -8.31645e-12 1.663904e-11 -8.31645e-12 -6.27276e-15
0.7 0.0 0.65 -3.58892e-06 2.204479e-11 3.588894e-06 -1.53211e-14
0.75 0.0 0.65 -8.86992e-06 2.888474e-11 8.869889e-06 -4.0995e-14
0.8 0.0 0.65 -1.54506e-05 3.746024e-11 1.545055e-05 -1.1191e-13
0.85 0.0 0.65 -2.29964e-05 4.812832e-11 2.299631e-05 -3.05117e-13
0.9 0.0 0.65 -3.1272e-05 6.143275e-11 3.127192e-05 -8.26422e-13
0.95 0.0 0.65 -4.01134e-05 7.831539e-11 4.011335e-05 -2.2197e-12
1.0 0.0 0.65 -4.94013e-05 1.006273e-10 4.940122e-05 -5.87147e-12
1.05 0.0 0.65 -5.9045e-05 1.322379e-10 5.904488e-05 -1.51134e-11
1.1 0.0 0.65 -6.89738e-05 1.809956e-10 6.897365e-05 -3.71735e-11
0.0 0.0 0.7 2.03638e-05 1.845635e-11 -2.03638e-05 -1.37806e-13
0.05 0.0 0.7 1.923571e-05 1.836458e-11 -1.92357e-05 -1.20293e-13
0.1 0.0 0.7 1.813081e-05 1.823769e-11 -1.81308e-05 -1.04361e-13
0.15 0.0 0.7 1.704809e-05 1.80875e-11 -1.70481e-05 -8.99281e-14
0.2 0.0 0.7 1.598669e-05 1.800252e-11 -1.59867e-05 -7.6994e-14
0.25 0.0 0.7 1.494518e-05 1.798449e-11 -1.49452e-05 -6.53921e-14
0.3 0.0 0.7 1.392081e-05 1.802684e-11 -1.39208e-05 -5.49005e-14
0.35 0.0 0.7 1.290807e-05 1.814427e-11 -1.29081e-05 -4.57412e-14
0.4 0.0 0.7 1.189527e-05 1.835572e-11 -1.18953e-05 -3.74978e-14
0.45 0.0 0.7 1.085493e-05 1.868664e-11 -1.08549e-05 -3.06699e-14
0.5 0.0 0.7 9.714984e-06 1.917437e-11 -9.715e-06 -2.498e-14
0.55 0.0 0.7 8.296554e-06 1.987159e-11 -8.29657e-06 -2.05669e-14
0.6 0.0 0.7 6.322259e-06 2.082167e-11 -6.32228e-06 -1.7486e-14
0.65 0.0 0.7 3.588894e-06 2.204479e-11 -3.58892e-06 -1.53211e-14
0.7 0.0 0.7 -1.17545e-11 2.352252e-11 -1.17545e-11 -1.37113e-14
0.75 0.0 0.7 -4.90368e-06 3.04359e-11 4.903651e-06 -3.6221e-14
0.8 0.0 0.7 -1.12417e-05 3.904215e-11 1.124168e-05 -9.91152e-14
0.85 0.0 0.7 -1.86385e-05 4.973686e-11 1.863843e-05 -2.70617e-13
0.9 0.0 0.7 -2.6829e-05 6.303336e-11 2.682893e-05 -7.35551e-13
0.95 0.0 0.7 -3.56312e-05 7.981107e-11 3.563113e-05 -1.98136e-12
1.0 0.0 0.7 -4.49153e-05 1.017778e-10 4.491522e-05 -5.25896e-12
1.05 0.0 0.7 -5.45843e-05 1.324959e-10 5.458419e-05 -1.36009e-11
1.1 0.0 0.7 -6.45629e-05 1.792521e-10 6.456272e-05 -3.36833e-11
0.0 0.0 0.75 2.874544e-05 2.587838e-11 -2.87455e-05 -2.84328e-13
0.05 0.0 0.75 2.746408e-05 2.571722e-11 -2.74641e-05 -2.50938e-13
0.1 0.0 0.75 2.619968e-05 2.552307e-11 -2.61997e-05 -2.20463e-13
0.15 0.0 0.75 2.494986e-05 2.530768e-11 -2.49499e-05 -1.93012e-13
0.2 0.0 0.75 2.371254e-05 2.515956e-11 -2.37126e-05 -1.68004e-13
0.25 0.0 0.75 2.248484e-05 2.508053e-11 -2.24849e-05 -1.45439e-13
0.3 0.0 0.75 2.126198e-05 2.506429e-11 -2.1262e-05 -1.25233e-13
0.35 0.0 0.75 2.003534e-05 2.512607e-11 -2.00354e-05 -1.07025e-13
0.4 0.0 0.75 1.878821e-05 2.528589e-11 -1.87882e-05 -9.07885e-14
0.45 0.0 0.75 1.748507e-05 2.557118e-11 -1.74851e-05 -7.65221e-14
0.5 0.0 0.75 1.604438e-05 2.602262e-11 -1.60444e-05 -6.43929e-14
0.55 0.0 0.75 1.429015e-05 2.669755e-11 -1.42902e-05 -5.44564e-14
0.6 0.0 0.75 1.196485e-05 2.764575e-11 -1.19649e-05 -4.70735e-14
0.65 0.0 0.75 8.869889e-06 2.888474e-11 -8.86992e-06 -4.0995e-14
0.7 0.0 0.75 4.903651e-06 3.04359e-11 -4.90368e-06 -3.6221e-14
0.75 0.0 0.75 -1.61213e-11 3.227482e-11 -1.61213e-11 -3.21687e-14
0.8 0.0 0.75 -6.11039e-06 4.0987e-11 6.110352e-06 -8.78186e-14
0.85 0.0 0.75 -1.33857e-05 5.17205e-11 1.33857e-05 -2.4053e-13
0.9 0.0 0.75 -2.15205e-05 6.503887e-11 2.152046e-05 -6.55143e-13
0.95 0.0 0.75 -3.03095e-05 8.176242e-11 3.030941e-05 -1.76903e-12
1.0 0.0 0.75 -3.96104e-05 1.034699e-10 3.961028e-05 -4.70959e-12
1.05 0.0 0.75 -4.93198e-05 1.334412e-10 4.931967e-05 -1.22339e-11
1.1 0.0 0.75 -5.93592e-05 1.784328e-10 5.93591e-05 -3.04961e-11
0.0 0.0 0.8 3.775064e-05 3.53138e-11 -3.77507e-05 -6.31717e-13
0.05 0.0 0.8 3.634488e-05 3.504841e-11 -3.63449e-05 -5.61107e-13
0.1 0.0 0.8 3.495183e-05 3.475469e-11 -3.49519e-05 -4.9738e-13
0.15 0.0 0.8 3.356753e-05 3.444414e-11 -3.35676e-05 -4.39565e-13
0.2 0.0 0.8 3.218858e-05 3.420509e-11 -3.21886e-05 -3.87385e-13
0.25 0.0 0.8 3.081075e-05 3.403932e-11 -3.08108e-05 -3.40283e-13
0.3 0.0 0.8 2.942745e-05 3.394069e-11 -2.94275e-05 -2.97928e-13
0.35 0.0 0.8 2.80274e-05 3.39249e-11 -2.80274e-05 -2.5957e-13
0.4 0.0 0.8 2.658997e-05 3.401297e-11 -2.659e-05 -2.25403e-13
0.45 0.0 0.8 2.507433e-05 3.423424e-11 -2.50744e-05 -1.94983e-13
0.5 0.0 0.8 2.339489e-05 3.463248e-11 -2.33949e-05 -1.68393e-13
0.55 0.0 0.8 2.138274e-05 3.527014e-11 -2.13828e-05 -1.45883e-13
0.6 0.0 0.8 1.87982e-05 3.62059e-11 -1.87982e-05 -1.27232e-13
0.65 0.0 0.8 1.545055e-05 3.746024e-11 -1.54506e-05 -1.1191e-13
0.7 0.0 0.8 1.124168e-05 3.904215e-11 -1.12417e-05 -9.91152e-14
0.75 0.0 0.8 6.110352e-06 4.0987e-11 -6.11039e-06 -8.78186e-14
0.8 0.0 0.8 -2.15906e-11 4.325937e-11 -2.15906e-11 -7.81597e-14
0.85 0.0 0.8 -7.19014e-06 5.413094e-11 7.190089e-06 -2.1394e-13
0.9 0.0 0.8 -1.53087e-05 6.748171e-11 1.530864e-05 -5.83811e-13
0.95 0.0 0.8 -2.41213e-05 8.41853e-11 2.412118e-05 -1.57974e-12
1.0 0.0 0.8 -3.34702e-05 1.05699e-10 3.347014e-05 -4.21685e-12
1.05 0.0 0.8 -4.32446e-05 1.350443e-10 4.324444e-05 -1.0999e-11
1.1 0.0 0.8 -5.33623e-05 1.784807e-10 5.336213e-05 -2.75884e-11
0.0 0.0 0.85 4.720614e-05 4.742328e-11 -4.72062e-05 -1.50802e-12
0.05 0.0 0.85 4.569468e-05 4.698169e-11 -4.56947e-05 -1.34484e-12
0.1 0.0 0.85 4.419342e-05 4.652244e-11 -4.41935e-05 -1.19788e-12
0.15 0.0 0.85 4.269647e-05 4.605623e-11 -4.26965e-05 -1.06531e-12
0.2 0.0 0.85 4.119911e-05 4.567072e-11 -4.11991e-05 -9.45716e-13
0.25 0.0 0.85 3.969588e-05 4.536724e-11 -3.96959e-05 -8.38218e-13
0.3 0.0 0.85 3.817875e-05 4.513943e-11 -3.81788e-05 -7.41518e-13
0.35 0.0 0.85 3.663452e-05 4.500312e-11 -3.66346e-05 -6.54476e-13
0.4 0.0 0.85 3.504003e-05 4.498e-11 -3.50401e-05 -5.76539e-13
0.45 0.0 0.85 3.335183e-05 4.510087e-11 -3.33519e-05 -5.06872e-13
0.5 0.0 0.85 3.148466e-05 4.541206e-11 -3.14847e-05 -4.45116e-13
0.55 0.0 0.85 2.927953e-05 4.59809e-11 -2.92796e-05 -3.91159e-13
0.6 0.0 0.85 2.651209e-05 4.687679e-11 -2.65121e-05 -3.44752e-13
0.65 0.0 0.85 2.299631e-05 4.812832e-11 -2.29964e-05 -3.05117e-13
0.7 0.0 0.85 1.863843e-05 4.973686e-11 -1.86385e-05 -2.70617e-13
0.75 0.0 0.85 1.33857e-05 5.17205e-11 -1.33857e-05 -2.4053e-13
0.8 0.0 0.85 7.190089e-06 5.413094e-11 -7.19014e-06 -2.1394e-13
0.85 0.0 0.85 -2.83626e-11 5.691574e-11 -2.83626e-11 -1.90542e-13
0.9 0.0 0.85 -8.15107e-06 7.043026e-11 8.150999e-06 -5.20362e-13
0.95 0.0 0.85 -1.70337e-05 8.712665e-11 1.70336e-05 -1.41054e-12
1.0 0.0 0.85 -2.64722e-05 1.084947e-10 2.647205e-05 -3.77481e-12
1.05 0.0 0.85 -3.63464e-05 1.373121e-10 3.634632e-05 -9.88384e-12
1.1 0.0 0.85 -4.65705e-05 1.793726e-10 4.657038e-05 -2.49386e-11
0.0 0.0 0.9 5.700317e-05 6.344295e-11 -5.70032e-05 -3.76238e-12
0.05 0.0 0.9 5.539876e-05 6.266451e-11 -5.53988e-05 -3.36578e-12
0.1 0.0 0.9 5.380383e-05 6.189333e-11 -5.38039e-05 -3.0084e-12
0.15 0.0 0.9 5.221009e-05 6.1138e-11 -5.22101e-05 -2.68663e-12
0.2 0.0 0.9 5.061134e-05 6.04844e-11 -5.06114e-05 -2.39703e-12
0.25 0.0 0.9 4.900103e-05 5.993232e-11 -4.90011e-05 -2.13629e-12
0.3 0.0 0.9 4.737003e-05 5.947421e-11 -4.73701e-05 -1.90206e-12
0.35 0.0 0.9 4.570389e-05 5.912515e-11 -4.57039e-05 -1.69145e-12
0.4 0.0 0.9 4.397812e-05 5.890666e-11 -4.39782e-05 -1.50238e-12
0.45 0.0 0.9 4.214875e-05 5.885008e-11 -4.21488e-05 -1.33293e-12
0.5 0.0 0.9 4.013364e-05 5.900331e-11 -4.01337e-05 -1.18175e-12
0.55 0.0 0.9 3.778525e-05 5.943758e-11 -3.77853e-05 -1.04772e-12
0.6 0.0 0.9 3.489308e-05 6.023345e-11 -3.48931e-05 -9.29756e-13
0.65 0.0 0.9 3.127192e-05 6.143275e-11 -3.1272e-05 -8.26422e-13
0.7 0.0 0.9 2.682893e-05 6.303336e-11 -2.6829e-05 -7.35551e-13
0.75 0.0 0.9 2.152046e-05 6.503887e-11 -2.15205e-05 -6.55143e-13
0.8 0.0 0.9 1.530864e-05 6.748171e-11 -1.53087e-05 -5.83811e-13
0.85 0.0 0.9 8.150999e-06 7.043026e-11 -8.15107e-06 -5.20362e-13
0.9 0.0 0.9 -3.66723e-11 7.380859e-11 -3.66723e-11 -4.6399e-13
0.95 0.0 0.9 -9.00786e-06 9.067205e-11 9.007771e-06 -1.25949e-12
1.0 0.0 0.9 -1.85857e-05 1.119173e-10 1.858561e-05 -3.37821e-12
1.05 0.0 0.9 -2.86037e-05 1.402857e-10 2.860354e-05 -8.87754e-12
1.1 0.0 0.9 -3.89713e-05 1.811256e-10 3.897112e-05 -2.25261e-11
0.0 0.0 0.95 6.706809e-05 8.592318e-11 -6.70682e-05 -9.49818e-12
0.05 0.0 0.95 6.537945e-05 8.444504e-11 -6.53795e-05 -8.52796e-12
0.1 0.0 0.95 6.370161e-05 8.303045e-11 -6.37017e-05 -7.65157e-12
0.15 0.0 0.95 6.202326e-05 8.168342e-11 -6.20233e-05 -6.86035e-12
0.2 0.0 0.95 6.033641e-05 8.048567e-11 -6.03365e-05 -6.14633e-12
0.25 0.0 0.95 5.863344e-05 7.943331e-11 -5.86335e-05 -5.50265e-12
0.3 0.0 0.95 5.690442e-05 7.851556e-11 -5.69045e-05 -4.92242e-12
0.35 0.0 0.95 5.513419e-05 7.774485e-11 -5.51343e-05 -4.40015e-12
0.4 0.0 0.95 5.329784e-05 7.71407e-11 -5.32979e-05 -3.92997e-12
0.45 0.0 0.95 5.135226e-05 7.673323e-11 -5.13523e-05 -3.50756e-12
0.5 0.0 0.95 4.922002e-05 7.657007e-11 -4.92201e-05 -3.12858e-12
0.55 0.0 0.95 4.67657e-05 7.672439e-11 -4.67658e-05 -2.78982e-12
0.6 0.0 0.95 4.379243e-05 7.728655e-11 -4.37925e-05 -2.4879e-12
0.65 0.0 0.95 4.011335e-05 7.831539e-11 -4.01134e-05 -2.2197e-12
0.7 0.0 0.95 3.563113e-05 7.981107e-11 -3.56312e-05 -1.98136e-12
0.75 0.0 0.95 3.030941e-05 8.176242e-11 -3.03095e-05 -1.76903e-12
0.8 0.0 0.95 2.412118e-05 8.41853e-11 -2.41213e-05 -1.57974e-12
0.85 0.0 0.95 1.70336e-05 8.712665e-11 -1.70337e-05 -1.41054e-12
0.9 0.0 0.95 9.007771e-06 9.067205e-11 -9.00786e-06 -1.25949e-12
0.95 0.0 0.95 -4.67951e-11 9.471458e-11 -4.67951e-11 -1.12457e-12
1.0 0.0 0.95 -9.77506e-06 1.160702e-10 9.774943e-06 -3.02261e-12
1.05 0.0 0.95 -1.99877e-05 1.440373e-10 1.998756e-05 -7.97007e-12
1.1 0.0 0.95 -3.05432e-05 1.837902e-10 3.054303e-05 -2.0332e-11
0.0 0.0 1.0 7.734851e-05 1.201946e-10 -7.73486e-05 -2.35302e-11
0.05 0.0 1.0 7.558113e-05 1.172455e-10 -7.55812e-05 -2.12423e-11
0.1 0.0 1.0 7.382831e-05 1.144753e-10 -7.38284e-05 -1.91609e-11
0.15 0.0 1.0 7.207488e-05 1.118798e-10 -7.2075e-05 -1.72696e-11
0.2 0.0 1.0 7.031065e-05 1.095334e-10 -7.03107e-05 -1.55524e-11
0.25 0.0 1.0 6.85268e-05 1.07425e-10 -6.85269e-05 -1.39949e-11
0.3 0.0 1.0 6.671275e-05 1.055375e-10 -6.67128e-05 -1.25837e-11
0.35 0.0 1.0 6.485304e-05 1.038775e-10 -6.48531e-05 -1.13062e-11
0.4 0.0 1.0 6.292301e-05 1.024595e-10 -6.29231e-05 -1.01508e-11
0.45 0.0 1.0 6.088124e-05 1.013092e-10 -6.08813e-05 -9.10697e-12
0.5 0.0 1.0 5.865579e-05 1.004711e-10 -5.86559e-05 -8.16514e-12
0.55 0.0 1.0 5.612347e-05 1.000169e-10 -5.61236e-05 -7.31695e-12
0.6 0.0 1.0 5.310146e-05 1.000433e-10 -5.31016e-05 -6.5549e-12
0.65 0.0 1.0 4.940122e-05 1.006273e-10 -4.94013e-05 -5.87147e-12
0.7 0.0 1.0 4.491522e-05 1.017778e-10 -4.49153e-05 -5.25896e-12
0.75 0.0 1.0 3.961028e-05 1.034699e-10 -3.96104e-05 -4.70959e-12
0.8 0.0 1.0 3.347014e-05 1.05699e-10 -3.34702e-05 -4.21685e-12
0.85 0.0 1.0 2.647205e-05 1.084947e-10 -2.64722e-05 -3.77481e-12
0.9 0.0 1.0 1.858561e-05 1.119173e-10 -1.85857e-05 -3.37821e-12
0.95 0.0 1.0 9.774943e-06 1.160702e-10 -9.77506e-06 -3.02261e-12
1.0 0.0 1.0 -5.90514e-11 1.208065e-10 -5.90514e-11 -2.70381e-12
1.05 0.0 1.0 -1.04654e-05 1.486887e-10 1.046524e-05 -7.15206e-12
1.1 0.0 1.0 -2.12595e-05 1.874492e-10 2.125931e-05 -1.83386e-11
0.0 0.0 1.05 8.780637e-05 1.765766e-10 -8.78065e-05 -5.55864e-11
0.05 0.0 1.05 8.596278e-05 1.707178e-10 -8.59629e-05 -5.05725e-11
0.1 0.0 1.05 8.414046e-05 1.652387e-10 -8.41406e-05 -4.59635e-11
0.15 0.0 1.05 8.23194e-05 1.601251e-10 -8.23195e-05 -4.17323e-11
0.2 0.0 1.05 8.048651e-05 1.554414e-10 -8.04866e-05 -3.78529e-11
0.25 0.0 1.05 7.863153e-05 1.511668e-10 -7.86316e-05 -3.4301e-11
0.3 0.0 1.05 7.674327e-05 1.472749e-10 -7.67434e-05 -3.10525e-11
0.35 0.0 1.05 7.480622e-05 1.437633e-10 -7.48063e-05 -2.80859e-11
0.4 0.0 1.05 7.279638e-05 1.40638e-10 -7.27965e-05 -2.53797e-11
0.45 0.0 1.05 7.067457e-05 1.379173e-10 -7.06747e-05 -2.29142e-11
0.5 0.0 1.05 6.837456e-05 1.356383e-10 -6.83747e-05 -2.06712e-11
0.55 0.0 1.05 6.578505e-05 1.338676e-10 -6.57852e-05 -1.86337e-11
0.6 0.0 1.05 6.273788e-05 1.327032e-10 -6.2738e-05 -1.67861e-11
0.65 0.0 1.05 5.904488e-05 1.322379e-10 -5.9045e-05 -1.51134e-11
0.7 0.0 1.05 5.458419e-05 1.324959e-10 -5.45843e-05 -1.36008e-11
0.75 0.0 1.05 4.931967e-05 1.334412e-10 -4.93198e-05 -1.2234e-11
0.8 0.0 1.05 4.324444e-05 1.350443e-10 -4.32446e-05 -1.09989e-11
0.85 0.0 1.05 3.634632e-05 1.373121e-10 -3.63464e-05 -9.88393e-12
0.9 0.0 1.05 2.860354e-05 1.402857e-10 -2.86037e-05 -8.87762e-12
0.95 0.0 1.05 1.998756e-05 1.440373e-10 -1.99877e-05 -7.96996e-12
1.0 0.0 1.05 1.046524e-05 1.486887e-10 -1.04654e-05 -7.15208e-12
1.05 0.0 1.05 -7.3813e-11 1.540414e-10 -7.3813e-11 -6.41545e-12
1.1 0.0 1.05 -1.10896e-05 1.922429e-10 1.108943e-05 -1.65294e-11
0.0 0.0 1.1 9.841404e-05 2.723562e-10 -9.84142e-05 -1.22275e-10
0.05 0.0 1.1 9.649379e-05 2.613343e-10 -9.64939e-05 -1.12317e-10
0.1 0.0 1.1 9.460516e-05 2.50983e-10 -9.46053e-05 -1.03052e-10
0.15 0.0 1.1 9.272199e-05 2.412791e-10 -9.27221e-05 -9.44434e-11
0.2 0.0 1.1 9.082751e-05 2.322776e-10 -9.08277e-05 -8.64556e-11
0.25 0.0 1.1 8.890952e-05 2.239483e-10 -8.89097e-05 -7.9054e-11
0.3 0.0 1.1 8.695612e-05 2.162554e-10 -8.69563e-05 -7.22051e-11
0.35 0.0 1.1 8.495188e-05 2.091871e-10 -8.4952e-05 -6.58767e-11
0.4 0.0 1.1 8.287372e-05 2.027403e-10 -8.28739e-05 -6.00375e-11
0.45 0.0 1.1 8.068492e-05 1.969243e-10 -8.06851e-05 -5.46575e-11
0.5 0.0 1.1 7.832493e-05 1.917674e-10 -7.83251e-05 -4.97079e-11
0.55 0.0 1.1 7.569372e-05 1.873284e-10 -7.56939e-05 -4.5161e-11
0.6 0.0 1.1 7.263812e-05 1.837026e-10 -7.26383e-05 -4.09912e-11
0.65 0.0 1.1 6.897365e-05 1.809956e-10 -6.89738e-05 -3.71735e-11
0.7 0.0 1.1 6.456272e-05 1.792521e-10 -6.45629e-05 -3.36833e-11
0.75 0.0 1.1 5.93591e-05 1.784328e-10 -5.93592e-05 -3.04961e-11
0.8 0.0 1.1 5.336213e-05 1.784807e-10 -5.33623e-05 -2.75884e-11
0.85 0.0 1.1 4.657038e-05 1.793726e-10 -4.65705e-05 -2.49385e-11
0.9 0.0 1.1 3.897112e-05 1.811256e-10 -3.89713e-05 -2.25261e-11
0.95 0.0 1.1 3.054303e-05 1.837902e-10 -3.05432e-05 -2.0332e-11
1.0 0.0 1.1 2.125931e-05 1.874492e-10 -2.12595e-05 -1.83386e-11
1.05 0.0 1.1 1.108943e-05 1.922429e-10 -1.10896e-05 -1.65294e-11
1.1 0.0 1.1 -9.15095e-11 1.97908e-10 -9.15095e-11 -1.48891e-11
0.0 1.1 0.0 8.485643e-11 -1.69709e-10 8.485643e-11 -4.02456e-15
0.05 1.1 0.0 7.072722e-11 -1.55581e-10 8.485643e-11 -2.08167e-15
0.1 1.1 0.0 5.871846e-11 -1.43573e-10 8.485643e-11 -1.97065e-15
0.15 1.1 0.0 4.853697e-11 -1.33392e-10 8.485643e-11 -1.97065e-15
0.2 1.1 0.0 3.992902e-11 -1.24783e-10 8.485643e-11 -1.97065e-15
0.25 1.1 0.0 3.267382e-11 -1.17529e-10 8.485643e-11 -1.97065e-15
0.3 1.1 0.0 2.657943e-11 -1.11434e-10 8.485643e-11 -1.97065e-15
0.35 1.1 0.0 2.147917e-11 -1.06334e-10 8.485643e-11 -1.97065e-15
0.4 1.1 0.0 1.722853e-11 -1.02083e-10 8.485643e-11 -1.97065e-15
0.45 1.1 0.0 1.37023e-11 -9.85572e-11 8.485643e-11 -1.97065e-15
0.5 1.1 0.0 1.079222e-11 -9.5647e-11 8.485643e-11 -1.97065e-15
0.55 1.1 0.0 8.404784e-12 -9.32592e-11 8.485643e-11 -1.97065e-15
0.6 1.1 0.0 6.459345e-12 -9.13141e-11 8.485643e-11 -1.97065e-15
0.65 1.1 0.0 4.88649e-12 -8.97407e-11 8.485644e-11 -1.97065e-15
0.7 1.1 0.0 3.626536e-12 -8.84812e-11 8.485648e-11 -1.97065e-15
0.75 1.1 0.0 2.628085e-12 -8.74834e-11 8.485679e-11 -1.97065e-15
0.8 1.1 0.0 1.845463e-12 -8.67022e-11 8.485927e-11 -1.97065e-15
0.85 1.1 0.0 1.22648e-12 -8.61031e-11 8.487872e-11 -1.97065e-15
0.9 1.1 0.0 6.240727e-13 -8.56524e-11 8.503034e-11 -1.97065e-15
0.95 1.1 0.0 -8.8074e-13 -8.53233e-11 8.620607e-11 -1.97065e-15
1.0 1.1 0.0 -1.01647e-11 -8.50928e-11 9.525978e-11 -1.97065e-15
1.05 1.1 0.0 -7.92967e-11 -8.49423e-11 1.642409e-10 -2.08167e-15
1.1 1.1 0.0 -5.94886e-10 -8.48543e-11 6.79743e-10 -2.88658e-15
0.0 1.1 0.05 8.485643e-11 -1.55581e-10 7.072722e-11 -2.08167e-15
0.05 1.1 0.05 7.072722e-11 -1.41454e-10 7.072722e-11 -1.11022e-16
0.1 1.1 0.05 5.871846e-11 -1.29445e-10 7.072722e-11 -5.55112e-17
0.15 1.1 0.05 4.853697e-11 -1.19264e-10 7.072722e-11 -5.55112e-17
0.2 1.1 0.05 3.992902e-11 -1.10656e-10 7.072722e-11 -5.55112e-17
0.25 1.1 0.05 3.267382e-11 -1.03401e-10 7.072722e-11 -5.55112e-17
0.3 1.1 0.05 2.657943e-11 -9.73062e-11 7.072722e-11 -5.55112e-17
0.35 1.1 0.05 2.147917e-11 -9.22067e-11 7.072722e-11 -5.55112e-17
0.4 1.1 0.05 1.722853e-11 -8.79559e-11 7.072722e-11 -5.55112e-17
0.45 1.1 0.05 1.37023e-11 -8.44302e-11 7.072722e-11 -5.55112e-17
0.5 1.1 0.05 1.079222e-11 -8.15201e-11 7.072722e-11 -5.55112e-17
0.55 1.1 0.05 8.404784e-12 -7.91318e-11 7.072722e-11 -5.55112e-17
0.6 1.1 0.05 6.459346e-12 -7.71863e-11 7.072723e-11 -5.55112e-17
0.65 1.1 0.05 4.886491e-12 -7.56137e-11 7.072723e-11 -5.55112e-17
0.7 1.1 0.05 3.626546e-12 -7.43534e-11 7.072726e-11 -5.55112e-17
0.75 1.1 0.05 2.628164e-12 -7.33555e-11 7.072751e-11 -5.55112e-17
0.8 1.1 0.05 1.846087e-12 -7.25753e-11 7.072944e-11 -5.55112e-17
0.85 1.1 0.05 1.231426e-12 -7.19758e-11 7.074457e-11 -5.55112e-17
0.9 1.1 0.05 6.631791e-13 -7.15255e-11 7.086203e-11 -5.55112e-17
0.95 1.1 0.05 -5.72096e-13 -7.11968e-11 7.176823e-11 -5.55112e-17
1.0 1.1 0.05 -7.73885e-12 -7.09655e-11 7.870468e-11 -5.55112e-17
1.05 1.1 0.05 -6.04073e-11 -7.08149e-11 1.312223e-10 0.0
1.1 1.1 0.05 -4.5079e-10 -7.0727e-11 5.215178e-10 -1.38778e-16
0.0 1.1 0.1 8.485643e-11 -1.43573e-10 5.871846e-11 -1.97065e-15
0.05 1.1 0.1 7.072722e-11 -1.29445e-10 5.871846e-11 -5.55112e-17
0.1 1.1 0.1 5.871846e-11 -1.17437e-10 5.871846e-11 -5.55112e-17
0.15 1.1 0.1 4.853697e-11 -1.07256e-10 5.871846e-11 -5.55112e-17
0.2 1.1 0.1 3.992902e-11 -9.86473e-11 5.871846e-11 -5.55112e-17
0.25 1.1 0.1 3.267382e-11 -9.13927e-11 5.871846e-11 -5.55112e-17
0.3 1.1 0.1 2.657943e-11 -8.5298e-11 5.871846e-11 -5.55112e-17
0.35 1.1 0.1 2.147917e-11 -8.01972e-11 5.871846e-11 -5.55112e-17
0.4 1.1 0.1 1.722853e-11 -7.59468e-11 5.871846e-11 -5.55112e-17
0.45 1.1 0.1 1.37023e-11 -7.24212e-11 5.871846e-11 -5.55112e-17
0.5 1.1 0.1 1.079222e-11 -6.95106e-11 5.871846e-11 -5.55112e-17
0.55 1.1 0.1 8.404784e-12 -6.71232e-11 5.871846e-11 -5.55112e-17
0.6 1.1 0.1 6.459346e-12 -6.51781e-11 5.871846e-11 -5.55112e-17
0.65 1.1 0.1 4.886492e-12 -6.36051e-11 5.871846e-11 -5.55112e-17
0.7 1.1 0.1 3.626553e-12 -6.23448e-11 5.871848e-11 -5.55112e-17
0.75 1.1 0.1 2.628225e-12 -6.13474e-11 5.871868e-11 -5.55112e-17
0.8 1.1 0.1 1.84657e-12 -6.05667e-11 5.872019e-11 -5.55112e-17
0.85 1.1 0.1 1.235223e-12 -5.99671e-11 5.8732e-11 -5.55112e-17
0.9 1.1 0.1 6.929703e-13 -5.95164e-11 5.882347e-11 -5.55112e-17
0.95 1.1 0.1 -3.3906e-13 -5.91873e-11 5.952642e-11 -5.55112e-17
1.0 1.1 0.1 -5.92389e-12 -5.89568e-11 6.488096e-11 -5.55112e-17
1.05 1.1 0.1 -4.63933e-11 -5.88063e-11 1.051995e-10 -5.55112e-17
1.1 1.1 0.1 -3.44561e-10 -5.87188e-11 4.032791e-10 -1.38778e-16
0.0 1.1 0.15 8.485643e-11 -1.33392e-10 4.853697e-11 -1.97065e-15
0.05 1.1 0.15 7.072722e-11 -1.19264e-10 4.853697e-11 -5.55112e-17
0.1 1.1 0.15 5.871846e-11 -1.07256e-10 4.853697e-11 -5.55112e-17
0.15 1.1 0.15 4.853697e-11 -9.70739e-11 4.853697e-11 -5.55112e-17
0.2 1.1 0.15 3.992902e-11 -8.84657e-11 4.853697e-11 -5.55112e-17
0.25 1.1 0.15 3.267382e-11 -8.1211e-11 4.853697e-11 -5.55112e-17
0.3 1.1 0.15 2.657943e-11 -7.51164e-11 4.853697e-11 -5.55112e-17
0.35 1.1 0.15 2.147917e-11 -7.0016e-11 4.853697e-11 -5.55112e-17
0.4 1.1 0.15 1.722853e-11 -6.57656e-11 4.853697e-11 -5.55112e-17
0.45 1.1 0.15 1.37023e-11 -6.22395e-11 4.853697e-11 -5.55112e-17
0.5 1.1 0.15 1.079222e-11 -5.93294e-11 4.853697e-11 -5.55112e-17
0.55 1.1 0.15 8.404784e-12 -5.6942e-11 4.853697e-11 -5.55112e-17
0.6 1.1 0.15 6.459346e-12 -5.49965e-11 4.853697e-11 -5.55112e-17
0.65 1.1 0.15 4.886493e-12 -5.34235e-11 4.853697e-11 -5.55112e-17
0.7 1.1 0.15 3.626559e-12 -5.21632e-11 4.853699e-11 -5.55112e-17
0.75 1.1 0.15 2.628273e-12 -5.11653e-11 4.853714e-11 -5.55112e-17
0.8 1.1 0.15 1.846946e-12 -5.03855e-11 4.853832e-11 -5.55112e-17
0.85 1.1 0.15 1.238162e-12 -4.97855e-11 4.854757e-11 -5.55112e-17
0.9 1.1 0.15 7.158724e-13 -4.93348e-11 4.861908e-11 -5.55112e-17
0.95 1.1 0.15 -1.6132e-13 -4.90057e-11 4.916719e-11 -5.55112e-17
1.0 1.1 0.15 -4.55157e-12 -4.87752e-11 5.332714e-11 -5.55112e-17
1.05 1.1 0.15 -3.58878e-11 -4.86247e-11 8.451251e-11 0.0
1.1 1.1 0.15 -2.65501e-10 -4.85367e-11 3.140377e-10 0.0
0.0 1.1 0.2 8.485643e-11 -1.24783e-10 3.992902e-11 -1.97065e-15
0.05 1.1 0.2 7.072722e-11 -1.10656e-10 3.992902e-11 -5.55112e-17
0.1 1.1 0.2 5.871846e-11 -9.86473e-11 3.992902e-11 -5.55112e-17
0.15 1.1 0.2 4.853697e-11 -8.84657e-11 3.992902e-11 -5.55112e-17
0.2 1.1 0.2 3.992902e-11 -7.98583e-11 3.992902e-11 -5.55112e-17
0.25 1.1 0.2 3.267382e-11 -7.26028e-11 3.992902e-11 -5.55112e-17
0.3 1.1 0.2 2.657943e-11 -6.65081e-11 3.992902e-11 -5.55112e-17
0.35 1.1 0.2 2.147917e-11 -6.14082e-11 3.992902e-11 -5.55112e-17
0.4 1.1 0.2 1.722853e-11 -5.71578e-11 3.992902e-11 -5.55112e-17
0.45 1.1 0.2 1.37023e-11 -5.36313e-11 3.992902e-11 -5.55112e-17
0.5 1.1 0.2 1.079222e-11 -5.07212e-11 3.992902e-11 -5.55112e-17
0.55 1.1 0.2 8.404784e-12 -4.83338e-11 3.992902e-11 -5.55112e-17
0.6 1.1 0.2 6.459346e-12 -4.63882e-11 3.992902e-11 -5.55112e-17
0.65 1.1 0.2 4.886493e-12 -4.48157e-11 3.992902e-11 -5.55112e-17
0.7 1.1 0.2 3.626564e-12 -4.35554e-11 3.992904e-11 -5.55112e-17
0.75 1.1 0.2 2.62831e-12 -4.25575e-11 3.992916e-11 -5.55112e-17
0.8 1.1 0.2 1.847239e-12 -4.17772e-11 3.993009e-11 -5.55112e-17
0.85 1.1 0.2 1.24045e-12 -4.11777e-11 3.993734e-11 -5.55112e-17
0.9 1.1 0.2 7.336144e-13 -4.07265e-11 3.999339e-11 -5.55112e-17
0.95 1.1 0.2 -2.45147e-14 -4.03979e-11 4.042244e-11 -5.55112e-17
1.0 1.1 0.2 -3.50337e-12 -4.01674e-11 4.367099e-11 -5.55112e-17
1.05 1.1 0.2 -2.79291e-11 -4.00164e-11 6.79459e-11 0.0
1.1 1.1 0.2 -2.06057e-10 -3.99289e-11 2.459857e-10 -1.38778e-16
0.0 1.1 0.25 8.485643e-11 -1.17529e-10 3.267382e-11 -1.97065e-15
0.05 1.1 0.25 7.072722e-11 -1.03401e-10 3.267382e-11 -5.55112e-17
0.1 1.1 0.25 5.871846e-11 -9.13927e-11 3.267382e-11 -5.55112e-17
0.15 1.1 0.25 4.853697e-11 -8.1211e-11 3.267382e-11 -5.55112e-17
0.2 1.1 0.25 3.992902e-11 -7.26028e-11 3.267382e-11 -5.55112e-17
0.25 1.1 0.25 3.267382e-11 -6.53477e-11 3.267382e-11 -5.55112e-17
0.3 1.1 0.25 2.657943e-11 -5.92535e-11 3.267382e-11 -5.55112e-17
0.35 1.1 0.25 2.147917e-11 -5.41531e-11 3.267382e-11 -5.55112e-17
0.4 1.1 0.25 1.722853e-11 -4.99027e-11 3.267382e-11 -5.55112e-17
0.45 1.1 0.25 1.37023e-11 -4.63762e-11 3.267382e-11 -5.55112e-17
0.5 1.1 0.25 1.079222e-11 -4.34661e-11 3.267382e-11 -5.55112e-17
0.55 1.1 0.25 8.404784e-12 -4.10783e-11 3.267382e-11 -5.55112e-17
0.6 1.1 0.25 6.459346e-12 -3.91331e-11 3.267382e-11 -5.55112e-17
0.65 1.1 0.25 4.886494e-12 -3.75606e-11 3.267383e-11 -5.55112e-17
0.7 1.1 0.25 3.626568e-12 -3.63003e-11 3.267384e-11 -5.55112e-17
0.75 1.1 0.25 2.62834e-12 -3.53024e-11 3.267393e-11 -5.55112e-17
0.8 1.1 0.25 1.847468e-12 -3.45217e-11 3.267466e-11 -5.55112e-17
0.85 1.1 0.25 1.242239e-12 -3.39222e-11 3.268035e-11 -5.55112e-17
0.9 1.1 0.25 7.47442e-13 -3.34719e-11 3.272437e-11 -5.55112e-17
0.95 1.1 0.25 8.159803e-14 -3.31428e-11 3.306113e-11 -5.55112e-17
1.0 1.1 0.25 -2.6954e-12 -3.29123e-11 3.560783e-11 -5.55112e-17
1.05 1.1 0.25 -2.18387e-11 -3.27618e-11 5.460027e-11 0.0
1.1 1.1 0.25 -1.60893e-10 -3.26743e-11 1.935673e-10 -1.38778e-16
0.0 1.1 0.3 8.485643e-11 -1.11434e-10 2.657943e-11 -1.97065e-15
0.05 1.1 0.3 7.072722e-11 -9.73062e-11 2.657943e-11 -5.55112e-17
0.1 1.1 0.3 5.871846e-11 -8.5298e-11 2.657943e-11 -5.55112e-17
0.15 1.1 0.3 4.853697e-11 -7.51164e-11 2.657943e-11 -5.55112e-17
0.2 1.1 0.3 3.992902e-11 -6.65081e-11 2.657943e-11 -5.55112e-17
0.25 1.1 0.3 3.267382e-11 -5.92535e-11 2.657943e-11 -5.55112e-17
0.3 1.1 0.3 2.657943e-11 -5.31588e-11 2.657943e-11 -5.55112e-17
0.35 1.1 0.3 2.147917e-11 -4.80589e-11 2.657943e-11 -5.55112e-17
0.4 1.1 0.3 1.722853e-11 -4.38081e-11 2.657943e-11 -5.55112e-17
0.45 1.1 0.3 1.37023e-11 -4.02816e-11 2.657943e-11 -5.55112e-17
0.5 1.1 0.3 1.079222e-11 -3.73719e-11 2.657943e-11 -5.55112e-17
0.55 1.1 0.3 8.404784e-12 -3.49845e-11 2.657943e-11 -5.55112e-17
0.6 1.1 0.3 6.459346e-12 -3.30389e-11 2.657943e-11 -5.55112e-17
0.65 1.1 0.3 4.886494e-12 -3.14659e-11 2.657943e-11 -5.55112e-17
0.7 1.1 0.3 3.626571e-12 -3.02061e-11 2.657944e-11 -5.55112e-17
0.75 1.1 0.3 2.628363e-12 -2.92082e-11 2.657951e-11 -5.55112e-17
0.8 1.1 0.3 1.847649e-12 -2.84279e-11 2.658008e-11 -5.55112e-17
0.85 1.1 0.3 1.243641e-12 -2.7828e-11 2.658455e-11 -5.55112e-17
0.9 1.1 0.3 7.582662e-13 -2.73772e-11 2.661915e-11 -5.55112e-17
0.95 1.1 0.3 1.64404e-13 -2.70481e-11 2.688393e-11 -5.55112e-17
1.0 1.1 0.3 -2.06779e-12 -2.68177e-11 2.888583e-11 -5.55112e-17
1.05 1.1 0.3 -1.71353e-11 -2.66676e-11 4.38025e-11 0.0
1.1 1.1 0.3 -1.26235e-10 -2.65796e-11 1.528149e-10 -1.38778e-16
0.0 1.1 0.35 8.485643e-11 -1.06334e-10 2.147917e-11 -1.97065e-15
0.05 1.1 0.35 7.072722e-11 -9.22067e-11 2.147917e-11 -5.55112e-17
0.1 1.1 0.35 5.871846e-11 -8.01972e-11 2.147917e-11 -5.55112e-17
0.15 1.1 0.35 4.853697e-11 -7.0016e-11 2.147917e-11 -5.55112e-17
0.2 1.1 0.35 3.992902e-11 -6.14082e-11 2.147917e-11 -5.55112e-17
0.25 1.1 0.35 3.267382e-11 -5.41531e-11 2.147917e-11 -5.55112e-17
0.3 1.1 0.35 2.657943e-11 -4.80589e-11 2.147917e-11 -5.55112e-17
0.35 1.1 0.35 2.147917e-11 -4.29585e-11 2.147917e-11 -5.55112e-17
0.4 1.1 0.35 1.722853e-11 -3.87077e-11 2.147917e-11 -5.55112e-17
0.45 1.1 0.35 1.37023e-11 -3.51821e-11 2.147917e-11 -5.55112e-17
0.5 1.1 0.35 1.079222e-11 -3.22715e-11 2.147917e-11 -5.55112e-17
0.55 1.1 0.35 8.404784e-12 -2.98837e-11 2.147917e-11 -5.55112e-17
0.6 1.1 0.35 6.459346e-12 -2.79381e-11 2.147917e-11 -5.55112e-17
0.65 1.1 0.35 4.886494e-12 -2.63656e-11 2.147917e-11 -5.55112e-17
0.7 1.1 0.35 3.626573e-12 -2.51057e-11 2.147918e-11 -5.55112e-17
0.75 1.1 0.35 2.628381e-12 -2.41074e-11 2.147924e-11 -5.55112e-17
0.8 1.1 0.35 1.84779e-12 -2.33271e-11 2.147969e-11 -5.55112e-17
0.85 1.1 0.35 1.244743e-12 -2.2728e-11 2.14832e-11 -5.55112e-17
0.9 1.1 0.35 7.66764e-13 -2.22773e-11 2.15104e-11 -5.55112e-17
0.95 1.1 0.35 2.293074e-13 -2.19487e-11 2.171877e-11 -5.55112e-17
1.0 1.1 0.35 -1.57732e-12 -2.17173e-11 2.32951e-11 -5.55112e-17
1.05 1.1 0.35 -1.34751e-11 -2.15663e-11 3.504201e-11 0.0
1.1 1.1 0.35 -9.9398e-11 -2.14793e-11 1.208772e-10 -1.38778e-16
0.0 1.1 0.4 8.485643e-11 -1.02083e-10 1.722853e-11 -1.97065e-15
0.05 1.1 0.4 7.072722e-11 -8.79559e-11 1.722853e-11 -5.55112e-17
0.1 1.1 0.4 5.871846e-11 -7.59468e-11 1.722853e-11 -5.55112e-17
0.15 1.1 0.4 4.853697e-11 -6.57656e-11 1.722853e-11 -5.55112e-17
0.2 1.1 0.4 3.992902e-11 -5.71578e-11 1.722853e-11 -5.55112e-17
0.25 1.1 0.4 3.267382e-11 -4.99027e-11 1.722853e-11 -5.55112e-17
0.3 1.1 0.4 2.657943e-11 -4.38081e-11 1.722853e-11 -5.55112e-17
0.35 1.1 0.4 2.147917e-11 -3.87077e-11 1.722853e-11 -5.55112e-17
0.4 1.1 0.4 1.722853e-11 -3.44573e-11 1.722853e-11 -5.55112e-17
0.45 1.1 0.4 1.37023e-11 -3.09304e-11 1.722853e-11 -5.55112e-17
0.5 1.1 0.4 1.079222e-11 -2.80211e-11 1.722853e-11 -5.55112e-17
0.55 1.1 0.4 8.404784e-12 -2.56337e-11 1.722853e-11 -5.55112e-17
0.6 1.1 0.4 6.459346e-12 -2.36882e-11 1.722853e-11 -5.55112e-17
0.65 1.1 0.4 4.886494e-12 -2.21148e-11 1.722853e-11 -5.55112e-17
0.7 1.1 0.4 3.626575e-12 -2.08549e-11 1.722853e-11 -5.55112e-17
0.75 1.1 0.4 2.628395e-12 -1.98566e-11 1.722858e-11 -5.55112e-17
0.8 1.1 0.4 1.847901e-12 -1.90772e-11 1.722893e-11 -5.55112e-17
0.85 1.1 0.4 1.245609e-12 -1.84768e-11 1.723168e-11 -5.55112e-17
0.9 1.1 0.4 7.734468e-13 -1.80265e-11 1.725306e-11 -5.55112e-17
0.95 1.1 0.4 2.803266e-13 -1.76974e-11 1.74171e-11 -5.55112e-17
1.0 1.1 0.4 -1.19232e-12 -1.74669e-11 1.865945e-11 -5.55112e-17
1.05 1.1 0.4 -1.06094e-11 -1.73164e-11 2.792562e-11 0.0
1.1 1.1 0.4 -7.84575e-11 -1.72284e-11 9.568606e-11 -1.38778e-16
0.0 1.1 0.45 8.485643e-11 -9.85572e-11 1.37023e-11 -1.97065e-15
0.05 1.1 0.45 7.072722e-11 -8.44302e-11 1.37023e-11 -5.55112e-17
0.1 1.1 0.45 5.871846e-11 -7.24212e-11 1.37023e-11 -5.55112e-17
0.15 1.1 0.45 4.853697e-11 -6.22395e-11 1.37023e-11 -5.55112e-17
0.2 1.1 0.45 3.992902e-11 -5.36313e-11 1.37023e-11 -5.55112e-17
0.25 1.1 0.45 3.267382e-11 -4.63762e-11 1.37023e-11 -5.55112e-17
0.3 1.1 0.45 2.657943e-11 -4.02816e-11 1.37023e-11 -5.55112e-17
0.35 1.1 0.45 2.147917e-11 -3.51821e-11 1.37023e-11 -5.55112e-17
0.4 1.1 0.45 1.722853e-11 -3.09304e-11 1.37023e-11 -5.55112e-17
0.45 1.1 0.45 1.37023e-11 -2.74043e-11 1.37023e-11 -5.55112e-17
0.5 1.1 0.45 1.079222e-11 -2.44946e-11 1.37023e-11 -5.55112e-17
0.55 1.1 0.45 8.404784e-12 -2.21068e-11 1.37023e-11 -5.55112e-17
0.6 1.1 0.45 6.459346e-12 -2.01617e-11 1.37023e-11 -5.55112e-17
0.65 1.1 0.45 4.886495e-12 -1.85887e-11 1.37023e-11 -5.55112e-17
0.7 1.1 0.45 3.626576e-12 -1.73288e-11 1.370231e-11 -5.55112e-17
0.75 1.1 0.45 2.628406e-12 -1.63305e-11 1.370234e-11 -5.55112e-17
0.8 1.1 0.45 1.847989e-12 -1.55507e-11 1.370261e-11 -5.55112e-17
0.85 1.1 0.45 1.24629e-12 -1.49507e-11 1.370478e-11 -5.55112e-17
0.9 1.1 0.45 7.787067e-13 -1.45004e-11 1.372158e-11 -5.55112e-17
0.95 1.1 0.45 3.205005e-13 -1.41713e-11 1.38507e-11 -5.55112e-17
1.0 1.1 0.45 -8.89229e-13 -1.39413e-11 1.483013e-11 -5.55112e-17
1.05 1.1 0.45 -8.35579e-12 -1.37899e-11 2.214583e-11 0.0
1.1 1.1 0.45 -6.20202e-11 -1.37024e-11 7.572252e-11 -1.11022e-16
0.0 1.1 0.5 8.485643e-11 -9.5647e-11 1.079222e-11 -1.97065e-15
0.05 1.1 0.5 7.072722e-11 -8.15201e-11 1.079222e-11 -5.55112e-17
0.1 1.1 0.5 5.871846e-11 -6.95106e-11 1.079222e-11 -5.55112e-17
0.15 1.1 0.5 4.853697e-11 -5.93294e-11 1.079222e-11 -5.55112e-17
0.2 1.1 0.5 3.992902e-11 -5.07212e-11 1.079222e-11 -5.55112e-17
0.25 1.1 0.5 3.267382e-11 -4.34661e-11 1.079222e-11 -5.55112e-17
0.3 1.1 0.5 2.657943e-11 -3.73719e-11 1.079222e-11 -5.55112e-17
0.35 1.1 0.5 2.147917e-11 -3.22715e-11 1.079222e-11 -5.55112e-17
0.4 1.1 0.5 1.722853e-11 -2.80211e-11 1.079222e-11 -5.55112e-17
0.45 1.1 0.5 1.37023e-11 -2.44946e-11 1.079222e-11 -5.55112e-17
0.5 1.1 0.5 1.079222e-11 -2.15845e-11 1.079222e-11 -5.55112e-17
0.55 1.1 0.5 8.404784e-12 -1.91975e-11 1.079222e-11 -5.55112e-17
0.6 1.1 0.5 6.459346e-12 -1.72515e-11 1.079222e-11 -5.55112e-17
0.65 1.1 0.5 4.886495e-12 -1.56786e-11 1.079222e-11 -5.55112e-17
0.7 1.1 0.5 3.626577e-12 -1.44196e-11 1.079223e-11 -5.55112e-17
0.75 1.1 0.5 2.628415e-12 -1.34208e-11 1.079225e-11 -5.55112e-17
0.8 1.1 0.5 1.848057e-12 -1.26406e-11 1.079247e-11 -5.55112e-17
0.85 1.1 0.5 1.246826e-12 -1.2041e-11 1.079416e-11 -5.55112e-17
0.9 1.1 0.5 7.828485e-13 -1.15903e-11 1.080736e-11 -5.55112e-17
0.95 1.1 0.5 3.521622e-13 -1.12608e-11 1.090897e-11 -5.55112e-17
1.0 1.1 0.5 -6.5022e-13 -1.10316e-11 1.168105e-11 -5.55112e-17
1.05 1.1 0.5 -6.5785e-12 -1.08802e-11 1.745846e-11 0.0
1.1 1.1 0.5 -4.90619e-11 -1.07923e-11 5.985408e-11 -1.11022e-16
0.0 1.1 0.55 8.485643e-11 -9.32592e-11 8.404784e-12 -1.97065e-15
0.05 1.1 0.55 7.072722e-11 -7.91318e-11 8.404784e-12 -5.55112e-17
0.1 1.1 0.55 5.871846e-11 -6.71232e-11 8.404784e-12 -5.55112e-17
0.15 1.1 0.55 4.853697e-11 -5.6942e-11 8.404784e-12 -5.55112e-17
0.2 1.1 0.55 3.992902e-11 -4.83338e-11 8.404784e-12 -5.55112e-17
0.25 1.1 0.55 3.267382e-11 -4.10783e-11 8.404784e-12 -5.55112e-17
0.3 1.1 0.55 2.657943e-11 -3.49845e-11 8.404784e-12 -5.55112e-17
0.35 1.1 0.55 2.147917e-11 -2.98837e-11 8.404784e-12 -5.55112e-17
0.4 1.1 0.55 1.722853e-11 -2.56337e-11 8.404784e-12 -5.55112e-17
0.45 1.1 0.55 1.37023e-11 -2.21068e-11 8.404784e-12 -5.55112e-17
0.5 1.1 0.55 1.079222e-11 -1.91975e-11 8.404784e-12 -5.55112e-17
0.55 1.1 0.55 8.404784e-12 -1.68097e-11 8.404784e-12 -5.55112e-17
0.6 1.1 0.55 6.459346e-12 -1.48641e-11 8.404784e-12 -5.55112e-17
0.65 1.1 0.55 4.886495e-12 -1.32911e-11 8.404784e-12 -5.55112e-17
0.7 1.1 0.55 3.626578e-12 -1.20313e-11 8.404787e-12 -5.55112e-17
0.75 1.1 0.55 2.628421e-12 -1.10334e-11 8.404808e-12 -5.55112e-17
0.8 1.1 0.55 1.848111e-12 -1.02527e-11 8.404976e-12 -5.55112e-17
0.85 1.1 0.55 1.247248e-12 -9.65361e-12 8.406302e-12 -5.55112e-17
0.9 1.1 0.55 7.861106e-13 -9.20242e-12 8.416659e-12 -5.55112e-17
0.95 1.1 0.55 3.771256e-13 -8.87335e-12 8.496563e-12 -5.55112e-17
1.0 1.1 0.55 -4.61578e-13 -8.64331e-12 9.104967e-12 -5.55112e-17
1.05 1.1 0.55 -5.17448e-12 -8.49276e-12 1.366699e-11 0.0
1.1 1.1 0.55 -3.88173e-11 -8.40483e-12 4.722209e-11 -1.11022e-16
0.0 1.1 0.6 8.485643e-11 -9.13141e-11 6.459345e-12 -1.97065e-15
0.05 1.1 0.6 7.072723e-11 -7.71863e-11 6.459346e-12 -5.55112e-17
0.1 1.1 0.6 5.871846e-11 -6.51781e-11 6.459346e-12 -5.55112e-17
0.15 1.1 0.6 4.853697e-11 -5.49965e-11 6.459346e-12 -5.55112e-17
0.2 1.1 0.6 3.992902e-11 -4.63882e-11 6.459346e-12 -5.55112e-17
0.25 1.1 0.6 3.267382e-11 -3.91331e-11 6.459346e-12 -5.55112e-17
0.3 1.1 0.6 2.657943e-11 -3.30389e-11 6.459346e-12 -5.55112e-17
0.35 1.1 0.6 2.147917e-11 -2.79381e-11 6.459346e-12 -5.55112e-17
0.4 1.1 0.6 1.722853e-11 -2.36882e-11 6.459346e-12 -5.55112e-17
0.45 1.1 0.6 1.37023e-11 -2.01617e-11 6.459346e-12 -5.55112e-17
0.5 1.1 0.6 1.079222e-11 -1.72515e-11 6.459346e-12 -5.55112e-17
0.55 1.1 0.6 8.404784e-12 -1.48641e-11 6.459346e-12 -5.55112e-17
0.6 1.1 0.6 6.459346e-12 -1.2919e-11 6.459346e-12 -5.55112e-17
0.65 1.1 0.6 4.886495e-12 -1.1346e-11 6.459346e-12 -5.55112e-17
0.7 1.1 0.6 3.626579e-12 -1.00862e-11 6.459348e-12 -5.55112e-17
0.75 1.1 0.6 2.628427e-12 -9.08784e-12 6.459365e-12 -5.55112e-17
0.8 1.1 0.6 1.848154e-12 -8.30802e-12 6.459496e-12 -5.55112e-17
0.85 1.1 0.6 1.24758e-12 -7.70806e-12 6.460532e-12 -5.55112e-17
0.9 1.1 0.6 7.88681e-13 -7.25775e-12 6.468651e-12 -5.55112e-17
0.95 1.1 0.6 3.968128e-13 -6.92824e-12 6.531438e-12 -5.55112e-17
1.0 1.1 0.6 -3.12628e-13 -6.6982e-12 7.01058e-12 -5.55112e-17
1.05 1.1 0.6 -4.06438e-12 -6.54765e-12 1.061146e-11 0.0
1.1 1.1 0.6 -3.07052e-11 -6.45972e-12 3.716453e-11 -1.11022e-16
0.0 1.1 0.65 8.485644e-11 -8.97407e-11 4.88649e-12 -1.97065e-15
0.05 1.1 0.65 7.072723e-11 -7.56137e-11 4.886491e-12 -5.55112e-17
0.1 1.1 0.65 5.871846e-11 -6.36051e-11 4.886492e-12 -5.55112e-17
0.15 1.1 0.65 4.853697e-11 -5.34235e-11 4.886493e-12 -5.55112e-17
0.2 1.1 0.65 3.992902e-11 -4.48157e-11 4.886493e-12 -5.55112e-17
0.25 1.1 0.65 3.267383e-11 -3.75606e-11 4.886494e-12 -5.55112e-17
0.3 1.1 0.65 2.657943e-11 -3.14659e-11 4.886494e-12 -5.55112e-17
0.35 1.1 0.65 2.147917e-11 -2.63656e-11 4.886494e-12 -5.55112e-17
0.4 1.1 0.65 1.722853e-11 -2.21148e-11 4.886494e-12 -5.55112e-17
0.45 1.1 0.65 1.37023e-11 -1.85887e-11 4.886495e-12 -5.55112e-17
0.5 1.1 0.65 1.079222e-11 -1.56786e-11 4.886495e-12 -5.55112e-17
0.55 1.1 0.65 8.404784e-12 -1.32911e-11 4.886495e-12 -5.55112e-17
0.6 1.1 0.65 6.459346e-12 -1.1346e-11 4.886495e-12 -5.55112e-17
0.65 1.1 0.65 4.886495e-12 -9.77307e-12 4.886495e-12 -5.55112e-17
0.7 1.1 0.65 3.62658e-12 -8.51319e-12 4.886497e-12 -5.55112e-17
0.75 1.1 0.65 2.628431e-12 -7.51532e-12 4.886509e-12 -5.55112e-17
0.8 1.1 0.65 1.848188e-12 -6.73506e-12 4.886611e-12 -5.55112e-17
0.85 1.1 0.65 1.247842e-12 -6.13554e-12 4.887419e-12 -5.55112e-17
0.9 1.1 0.65 7.907082e-13 -5.68434e-12 4.893773e-12 -5.55112e-17
0.95 1.1 0.65 4.123454e-13 -5.35572e-12 4.943055e-12 -5.55112e-17
1.0 1.1 0.65 -1.94989e-13 -5.12523e-12 5.32009e-12 -5.55112e-17
1.05 1.1 0.65 -3.18636e-12 -4.9738e-12 8.160585e-12 0.0
1.1 1.1 0.65 -2.42766e-11 -4.88631e-12 2.916313e-11 -1.11022e-16
0.0 1.1 0.7 8.485648e-11 -8.84812e-11 3.626536e-12 -1.97065e-15
0.05 1.1 0.7 7.072726e-11 -7.43534e-11 3.626546e-12 -5.55112e-17
0.1 1.1 0.7 5.871848e-11 -6.23448e-11 3.626553e-12 -5.55112e-17
0.15 1.1 0.7 4.853699e-11 -5.21632e-11 3.626559e-12 -5.55112e-17
0.2 1.1 0.7 3.992904e-11 -4.35554e-11 3.626564e-12 -5.55112e-17
0.25 1.1 0.7 3.267384e-11 -3.63003e-11 3.626568e-12 -5.55112e-17
0.3 1.1 0.7 2.657944e-11 -3.02061e-11 3.626571e-12 -5.55112e-17
0.35 1.1 0.7 2.147918e-11 -2.51057e-11 3.626573e-12 -5.55112e-17
0.4 1.1 0.7 1.722853e-11 -2.08549e-11 3.626575e-12 -5.55112e-17
0.45 1.1 0.7 1.370231e-11 -1.73288e-11 3.626576e-12 -5.55112e-17
0.5 1.1 0.7 1.079223e-11 -1.44196e-11 3.626577e-12 -5.55112e-17
0.55 1.1 0.7 8.404787e-12 -1.20313e-11 3.626578e-12 -5.55112e-17
0.6 1.1 0.7 6.459348e-12 -1.00862e-11 3.626579e-12 -5.55112e-17
0.65 1.1 0.7 4.886497e-12 -8.51319e-12 3.62658e-12 -5.55112e-17
0.7 1.1 0.7 3.626581e-12 -7.25286e-12 3.626581e-12 -5.55112e-17
0.75 1.1 0.7 2.628436e-12 -6.255e-12 3.626591e-12 -5.55112e-17
0.8 1.1 0.7 1.848216e-12 -5.47473e-12 3.626669e-12 -5.55112e-17
0.85 1.1 0.7 1.248051e-12 -4.87521e-12 3.627297e-12 -5.55112e-17
0.9 1.1 0.7 7.923106e-13 -4.42402e-12 3.632257e-12 -5.55112e-17
0.95 1.1 0.7 4.246113e-13 -4.09539e-12 3.670875e-12 -5.55112e-17
1.0 1.1 0.7 -1.02041e-13 -3.86491e-12 3.967228e-12 -5.55112e-17
1.05 1.1 0.7 -2.49172e-12 -3.71436e-12 6.206033e-12 0.0
1.1 1.1 0.7 -1.91807e-11 -3.62688e-12 2.280724e-11 -1.11022e-16
0.0 1.1 0.75 8.485679e-11 -8.74834e-11 2.628085e-12 -1.97065e-15
0.05 1.1 0.75 7.072751e-11 -7.33555e-11 2.628164e-12 -5.55112e-17
0.1 1.1 0.75 5.871868e-11 -6.13474e-11 2.628225e-12 -5.55112e-17
0.15 1.1 0.75 4.853714e-11 -5.11653e-11 2.628273e-12 -5.55112e-17
0.2 1.1 0.75 3.992916e-11 -4.25575e-11 2.62831e-12 -5.55112e-17
0.25 1.1 0.75 3.267393e-11 -3.53024e-11 2.62834e-12 -5.55112e-17
0.3 1.1 0.75 2.657951e-11 -2.92082e-11 2.628363e-12 -5.55112e-17
0.35 1.1 0.75 2.147924e-11 -2.41074e-11 2.628381e-12 -5.55112e-17
0.4 1.1 0.75 1.722858e-11 -1.98566e-11 2.628395e-12 -5.55112e-17
0.45 1.1 0.75 1.370234e-11 -1.63305e-11 2.628406e-12 -5.55112e-17
0.5 1.1 0.75 1.079225e-11 -1.34208e-11 2.628415e-12 -5.55112e-17
0.55 1.1 0.75 8.404808e-12 -1.10334e-11 2.628421e-12 -5.55112e-17
0.6 1.1 0.75 6.459365e-12 -9.08784e-12 2.628427e-12 -5.55112e-17
0.65 1.1 0.75 4.886509e-12 -7.51532e-12 2.628431e-12 -5.55112e-17
0.7 1.1 0.75 3.626591e-12 -6.255e-12 2.628436e-12 -5.55112e-17
0.75 1.1 0.75 2.628445e-12 -5.25668e-12 2.628445e-12 -5.55112e-17
0.8 1.1 0.75 1.848243e-12 -4.47686e-12 2.628506e-12 -5.55112e-17
0.85 1.1 0.75 1.248221e-12 -3.87734e-12 2.628991e-12 -5.55112e-17
0.9 1.1 0.75 7.93586e-13 -3.42659e-12 2.632845e-12 -5.55112e-17
0.95 1.1 0.75 4.343203e-13 -3.09708e-12 2.66303e-12 -5.55112e-17
1.0 1.1 0.75 -2.85347e-14 -2.86704e-12 2.895586e-12 -5.55112e-17
1.05 1.1 0.75 -1.94195e-12 -2.71605e-12 4.658134e-12 0.0
1.1 1.1 0.75 -1.51403e-11 -2.62856e-12 1.776877e-11 -1.11022e-16
0.0 1.1 0.8 8.485927e-11 -8.67022e-11 1.845463e-12 -1.97065e-15
0.05 1.1 0.8 7.072944e-11 -7.25753e-11 1.846087e-12 -5.55112e-17
0.1 1.1 0.8 5.872019e-11 -6.05667e-11 1.84657e-12 -5.55112e-17
0.15 1.1 0.8 4.853832e-11 -5.03855e-11 1.846946e-12 -5.55112e-17
0.2 1.1 0.8 3.993009e-11 -4.17772e-11 1.847239e-12 -5.55112e-17
0.25 1.1 0.8 3.267466e-11 -3.45217e-11 1.847468e-12 -5.55112e-17
0.3 1.1 0.8 2.658008e-11 -2.84279e-11 1.847649e-12 -5.55112e-17
0.35 1.1 0.8 2.147969e-11 -2.33271e-11 1.84779e-12 -5.55112e-17
0.4 1.1 0.8 1.722893e-11 -1.90772e-11 1.847901e-12 -5.55112e-17
0.45 1.1 0.8 1.370261e-11 -1.55507e-11 1.847989e-12 -5.55112e-17
0.5 1.1 0.8 1.079247e-11 -1.26406e-11 1.848057e-12 -5.55112e-17
0.55 1.1 0.8 8.404976e-12 -1.02527e-11 1.848111e-12 -5.55112e-17
0.6 1.1 0.8 6.459496e-12 -8.30802e-12 1.848154e-12 -5.55112e-17
0.65 1.1 0.8 4.886611e-12 -6.73506e-12 1.848188e-12 -5.55112e-17
0.7 1.1 0.8 3.626669e-12 -5.47473e-12 1.848216e-12 -5.55112e-17
0.75 1.1 0.8 2.628506e-12 -4.47686e-12 1.848243e-12 -5.55112e-17
0.8 1.1 0.8 1.848303e-12 -3.6966e-12 1.848303e-12 -5.55112e-17
0.85 1.1 0.8 1.248391e-12 -3.09708e-12 1.848679e-12 -5.55112e-17
0.9 1.1 0.8 7.946297e-13 -2.64588e-12 1.85166e-12 -5.55112e-17
0.95 1.1 0.8 4.420583e-13 -2.31726e-12 1.87515e-12 -5.55112e-17
1.0 1.1 0.8 2.973362e-14 -2.08678e-12 2.057175e-12 -5.55112e-17
1.05 1.1 0.8 -1.50645e-12 -1.93623e-12 3.44249e-12 0.0
1.1 1.1 0.8 -1.19359e-11 -1.8483e-12 1.378419e-11 -1.11022e-16
0.0 1.1 0.85 8.487872e-11 -8.61031e-11 1.22648e-12 -1.97065e-15
0.05 1.1 0.85 7.074457e-11 -7.19758e-11 1.231426e-12 -5.55112e-17
0.1 1.1 0.85 5.8732e-11 -5.99671e-11 1.235223e-12 -5.55112e-17
0.15 1.1 0.85 4.854757e-11 -4.97855e-11 1.238162e-12 -5.55112e-17
0.2 1.1 0.85 3.993734e-11 -4.11777e-11 1.24045e-12 -5.55112e-17
0.25 1.1 0.85 3.268035e-11 -3.39222e-11 1.242239e-12 -5.55112e-17
0.3 1.1 0.85 2.658455e-11 -2.7828e-11 1.243641e-12 -5.55112e-17
0.35 1.1 0.85 2.14832e-11 -2.2728e-11 1.244743e-12 -5.55112e-17
0.4 1.1 0.85 1.723168e-11 -1.84768e-11 1.245609e-12 -5.55112e-17
0.45 1.1 0.85 1.370478e-11 -1.49507e-11 1.24629e-12 -5.55112e-17
0.5 1.1 0.85 1.079416e-11 -1.2041e-11 1.246826e-12 -5.55112e-17
0.55 1.1 0.85 8.406302e-12 -9.65361e-12 1.247248e-12 -5.55112e-17
0.6 1.1 0.85 6.460532e-12 -7.70806e-12 1.24758e-12 -5.55112e-17
0.65 1.1 0.85 4.887419e-12 -6.13554e-12 1.247842e-12 -5.55112e-17
0.7 1.1 0.85 3.627297e-12 -4.87521e-12 1.248051e-12 -5.55112e-17
0.75 1.1 0.85 2.628991e-12 -3.87734e-12 1.248221e-12 -5.55112e-17
0.8 1.1 0.85 1.848679e-12 -3.09708e-12 1.248391e-12 -5.55112e-17
0.85 1.1 0.85 1.248766e-12 -2.49756e-12 1.248766e-12 -5.55112e-17
0.9 1.1 0.85 7.956678e-13 -2.04636e-12 1.251085e-12 -5.55112e-17
0.95 1.1 0.85 4.483999e-13 -1.71774e-12 1.269272e-12 -5.55112e-17
1.0 1.1 0.85 7.624339e-14 -1.48725e-12 1.411128e-12 -5.55112e-17
1.05 1.1 0.85 -1.16065e-12 -1.33626e-12 2.497152e-12 0.0
1.1 1.1 0.85 -9.39218e-12 -1.24833e-12 1.064094e-11 -1.11022e-16
0.0 1.1 0.9 8.503034e-11 -8.56524e-11 6.240727e-13 -1.97065e-15
0.05 1.1 0.9 7.086203e-11 -7.15255e-11 6.631791e-13 -5.55112e-17
0.1 1.1 0.9 5.882347e-11 -5.95164e-11 6.929703e-13 -5.55112e-17
0.15 1.1 0.9 4.861908e-11 -4.93348e-11 7.158724e-13 -5.55112e-17
0.2 1.1 0.9 3.999339e-11 -4.07265e-11 7.336144e-13 -5.55112e-17
0.25 1.1 0.9 3.272437e-11 -3.34719e-11 7.47442e-13 -5.55112e-17
0.3 1.1 0.9 2.661915e-11 -2.73772e-11 7.582662e-13 -5.55112e-17
0.35 1.1 0.9 2.15104e-11 -2.22773e-11 7.66764e-13 -5.55112e-17
0.4 1.1 0.9 1.725306e-11 -1.80265e-11 7.734468e-13 -5.55112e-17
0.45 1.1 0.9 1.372158e-11 -1.45004e-11 7.787067e-13 -5.55112e-17
0.5 1.1 0.9 1.080736e-11 -1.15903e-11 7.828485e-13 -5.55112e-17
0.55 1.1 0.9 8.416659e-12 -9.20242e-12 7.861106e-13 -5.55112e-17
0.6 1.1 0.9 6.468651e-12 -7.25775e-12 7.88681e-13 -5.55112e-17
0.65 1.1 0.9 4.893773e-12 -5.68434e-12 7.907082e-13 -5.55112e-17
0.7 1.1 0.9 3.632257e-12 -4.42402e-12 7.923106e-13 -5.55112e-17
0.75 1.1 0.9 2.632845e-12 -3.42659e-12 7.93586e-13 -5.55112e-17
0.8 1.1 0.9 1.85166e-12 -2.64588e-12 7.946297e-13 -5.55112e-17
0.85 1.1 0.9 1.251085e-12 -2.04636e-12 7.956678e-13 -5.55112e-17
0.9 1.1 0.9 7.979859e-13 -1.59606e-12 7.979859e-13 -5.55112e-17
0.95 1.1 0.9 4.547171e-13 -1.26743e-12 8.12174e-13 -5.55112e-17
1.0 1.1 0.9 1.144208e-13 -1.0365e-12 9.221705e-13 -5.55112e-17
1.05 1.1 0.9 -8.8416e-13 -8.85958e-13 1.76988e-12 0.0
1.1 1.1 0.9 -7.36824e-12 -7.98028e-13 8.16623e-12 -1.11022e-16
0.0 1.1 0.95 8.620607e-11 -8.53233e-11 -8.8074e-13 -1.97065e-15
0.05 1.1 0.95 7.176823e-11 -7.11968e-11 -5.72096e-13 -5.55112e-17
0.1 1.1 0.95 5.952642e-11 -5.91873e-11 -3.3906e-13 -5.55112e-17
0.15 1.1 0.95 4.916719e-11 -4.90057e-11 -1.6132e-13 -5.55112e-17
0.2 1.1 0.95 4.042244e-11 -4.03979e-11 -2.45147e-14 -5.55112e-17
0.25 1.1 0.95 3.306113e-11 -3.31428e-11 8.159803e-14 -5.55112e-17
0.3 1.1 0.95 2.688393e-11 -2.70481e-11 1.64404e-13 -5.55112e-17
0.35 1.1 0.95 2.171877e-11 -2.19487e-11 2.293074e-13 -5.55112e-17
0.4 1.1 0.95 1.74171e-11 -1.76974e-11 2.803266e-13 -5.55112e-17
0.45 1.1 0.95 1.38507e-11 -1.41713e-11 3.205005e-13 -5.55112e-17
0.5 1.1 0.95 1.090897e-11 -1.12608e-11 3.521622e-13 -5.55112e-17
0.55 1.1 0.95 8.496563e-12 -8.87335e-12 3.771256e-13 -5.55112e-17
0.6 1.1 0.95 6.531438e-12 -6.92824e-12 3.968128e-13 -5.55112e-17
0.65 1.1 0.95 4.943055e-12 -5.35572e-12 4.123454e-13 -5.55112e-17
0.7 1.1 0.95 3.670875e-12 -4.09539e-12 4.246113e-13 -5.55112e-17
0.75 1.1 0.95 2.66303e-12 -3.09708e-12 4.343203e-13 -5.55112e-17
0.8 1.1 0.95 1.87515e-12 -2.31726e-12 4.420583e-13 -5.55112e-17
0.85 1.1 0.95 1.269272e-12 -1.71774e-12 4.483999e-13 -5.55112e-17
0.9 1.1 0.95 8.12174e-13 -1.26743e-12 4.547171e-13 -5.55112e-17
0.95 1.1 0.95 4.689051e-13 -9.37916e-13 4.689051e-13 -5.55112e-17
1.0 1.1 0.95 1.525145e-13 -7.07878e-13 5.54996e-13 -5.55112e-17
1.05 1.1 0.95 -6.56792e-13 -5.56444e-13 1.213431e-12 0.0
1.1 1.1 0.95 -5.74661e-12 -4.68514e-13 6.215516e-12 -1.11022e-16
0.0 1.1 1.0 9.525978e-11 -8.50928e-11 -1.01647e-11 -1.97065e-15
0.05 1.1 1.0 7.870468e-11 -7.09655e-11 -7.73885e-12 -5.55112e-17
0.1 1.1 1.0 6.488096e-11 -5.89568e-11 -5.92389e-12 -5.55112e-17
0.15 1.1 1.0 5.332714e-11 -4.87752e-11 -4.55157e-12 -5.55112e-17
0.2 1.1 1.0 4.367099e-11 -4.01674e-11 -3.50337e-12 -5.55112e-17
0.25 1.1 1.0 3.560783e-11 -3.29123e-11 -2.6954e-12 -5.55112e-17
0.3 1.1 1.0 2.888583e-11 -2.68177e-11 -2.06779e-12 -5.55112e-17
0.35 1.1 1.0 2.32951e-11 -2.17173e-11 -1.57732e-12 -5.55112e-17
0.4 1.1 1.0 1.865945e-11 -1.74669e-11 -1.19232e-12 -5.55112e-17
0.45 1.1 1.0 1.483013e-11 -1.39413e-11 -8.89229e-13 -5.55112e-17
0.5 1.1 1.0 1.168105e-11 -1.10316e-11 -6.5022e-13 -5.55112e-17
0.55 1.1 1.0 9.104967e-12 -8.64331e-12 -4.61578e-13 -5.55112e-17
0.6 1.1 1.0 7.01058e-12 -6.6982e-12 -3.12628e-13 -5.55112e-17
0.65 1.1 1.0 5.32009e-12 -5.12523e-12 -1.94989e-13 -5.55112e-17
0.7 1.1 1.0 3.967228e-12 -3.86491e-12 -1.02041e-13 -5.55112e-17
0.75 1.1 1.0 2.895586e-12 -2.86704e-12 -2.85347e-14 -5.55112e-17
0.8 1.1 1.0 2.057175e-12 -2.08678e-12 2.973362e-14 -5.55112e-17
0.85 1.1 1.0 1.411128e-12 -1.48725e-12 7.624339e-14 -5.55112e-17
0.9 1.1 1.0 9.221705e-13 -1.0365e-12 1.144208e-13 -5.55112e-17
0.95 1.1 1.0 5.54996e-13 -7.07878e-13 1.525145e-13 -5.55112e-17
1.0 1.1 1.0 2.386054e-13 -4.76952e-13 2.386054e-13 -5.55112e-17
1.05 1.1 1.0 -4.29482e-13 -3.26406e-13 7.55821e-13 0.0
1.1 1.1 1.0 -4.41018e-12 -2.38476e-13 4.648783e-12 -1.11022e-16
0.0 1.1 1.05 1.642409e-10 -8.49423e-11 -7.92967e-11 -2.02616e-15
0.05 1.1 1.05 1.312223e-10 -7.08149e-11 -6.04073e-11 -5.55112e-17
0.1 1.1 1.05 1.051995e-10 -5.88063e-11 -4.63933e-11 -5.55112e-17
0.15 1.1 1.05 8.451251e-11 -4.86247e-11 -3.58878e-11 -5.55112e-17
0.2 1.1 1.05 6.79459e-11 -4.00164e-11 -2.79291e-11 -5.55112e-17
0.25 1.1 1.05 5.460027e-11 -3.27618e-11 -2.18387e-11 -5.55112e-17
0.3 1.1 1.05 4.38025e-11 -2.66676e-11 -1.71353e-11 -5.55112e-17
0.35 1.1 1.05 3.504201e-11 -2.15663e-11 -1.34751e-11 -5.55112e-17
0.4 1.1 1.05 2.792562e-11 -1.73164e-11 -1.06094e-11 -5.55112e-17
0.45 1.1 1.05 2.214583e-11 -1.37899e-11 -8.35579e-12 -5.55112e-17
0.5 1.1 1.05 1.745846e-11 -1.08802e-11 -6.5785e-12 -5.55112e-17
0.55 1.1 1.05 1.366699e-11 -8.49276e-12 -5.17448e-12 -5.55112e-17
0.6 1.1 1.05 1.061146e-11 -6.54765e-12 -4.06438e-12 -5.55112e-17
0.65 1.1 1.05 8.160585e-12 -4.9738e-12 -3.18636e-12 -5.55112e-17
0.7 1.1 1.05 6.206033e-12 -3.71436e-12 -2.49172e-12 -5.55112e-17
0.75 1.1 1.05 4.658134e-12 -2.71605e-12 -1.94195e-12 -5.55112e-17
0.8 1.1 1.05 3.44249e-12 -1.93623e-12 -1.50645e-12 -5.55112e-17
0.85 1.1 1.05 2.497152e-12 -1.33626e-12 -1.16065e-12 -5.55112e-17
0.9 1.1 1.05 1.76988e-12 -8.85958e-13 -8.8416e-13 -5.55112e-17
0.95 1.1 1.05 1.213431e-12 -5.56444e-13 -6.56792e-13 -5.55112e-17
1.0 1.1 1.05 7.55821e-13 -3.26406e-13 -4.29482e-13 -5.55112e-17
1.05 1.1 1.05 8.773403e-14 -1.75415e-13 8.773403e-14 0.0
1.1 1.1 1.05 -3.07084e-12 -8.74856e-14 3.158576e-12 -1.11022e-16
0.0 1.1 1.1 6.79743e-10 -8.48543e-11 -5.94886e-10 -2.88658e-15
0.05 1.1 1.1 5.215178e-10 -7.0727e-11 -4.5079e-10 -1.38778e-16
0.1 1.1 1.1 4.032791e-10 -5.87188e-11 -3.44561e-10 -1.38778e-16
0.15 1.1 1.1 3.140377e-10 -4.85367e-11 -2.65501e-10 2.775558e-17
0.2 1.1 1.1 2.459857e-10 -3.99289e-11 -2.06057e-10 -1.38778e-16
0.25 1.1 1.1 1.935673e-10 -3.26743e-11 -1.60893e-10 -1.11022e-16
0.3 1.1 1.1 1.528149e-10 -2.65796e-11 -1.26235e-10 -1.11022e-16
0.35 1.1 1.1 1.208772e-10 -2.14793e-11 -9.9398e-11 -1.11022e-16
0.4 1.1 1.1 9.568606e-11 -1.72284e-11 -7.84575e-11 -1.11022e-16
0.45 1.1 1.1 7.572252e-11 -1.37024e-11 -6.20202e-11 -1.11022e-16
0.5 1.1 1.1 5.985408e-11 -1.07923e-11 -4.90619e-11 -1.11022e-16
0.55 1.1 1.1 4.722209e-11 -8.40483e-12 -3.88173e-11 -1.11022e-16
0.6 1.1 1.1 3.716453e-11 -6.45972e-12 -3.07052e-11 -1.11022e-16
0.65 1.1 1.1 2.916313e-11 -4.88631e-12 -2.42766e-11 -1.11022e-16
0.7 1.1 1.1 2.280724e-11 -3.62688e-12 -1.91807e-11 -1.11022e-16
0.75 1.1 1.1 1.776877e-11 -2.62856e-12 -1.51403e-11 -1.11022e-16
0.8 1.1 1.1 1.378419e-11 -1.8483e-12 -1.19359e-11 -1.11022e-16
0.85 1.1 1.1 1.064094e-11 -1.24833e-12 -9.39218e-12 -1.11022e-16
0.9 1.1 1.1 8.16623e-12 -7.98028e-13 -7.36824e-12 -1.11022e-16
0.95 1.1 1.1 6.215516e-12 -4.68514e-13 -5.74661e-12 -1.11022e-16
1.0 1.1 1.1 4.648783e-12 -2.38476e-13 -4.41018e-12 -1.11022e-16
1.05 1.1 1.1 3.158576e-12 -8.74856e-14 -3.07084e-12 -1.11022e-16
1.1 1.1 1.1 -1.61559e-27 0.0 -1.61559e-27 -1.38778e-16
