v(drain) v(gate) v(source) i(vd) i(vg) i(vs) i(vb)
0.0 0.0 0.0 1.388945e-17 3.211226e-15 1.388945e-17 -3.27516e-15
0.05 0.0 0.0 -1.44272e-13 8.449651e-14 6.30142e-14 -3.27516e-15
0.1 0.0 0.0 -6.39286e-13 8.51163e-14 5.574092e-13 -3.27516e-15
0.15 0.0 0.0 -4.42383e-12 3.000203e-14 4.397066e-12 -3.27516e-15
0.2 0.0 0.0 -3.38545e-11 1.068253e-13 3.375096e-11 -3.27516e-15
0.25 0.0 0.0 -2.53578e-10 3.185624e-13 2.532624e-10 -3.27516e-15
0.3 0.0 0.0 -1.83748e-09 6.502374e-13 1.836829e-09 -3.27516e-15
0.35 0.0 0.0 -1.25109e-08 1.13358e-12 1.250977e-08 -3.38618e-15
0.4 0.0 0.0 -7.62904e-08 1.828661e-12 7.62886e-08 -3.55271e-15
0.45 0.0 0.0 -3.99673e-07 2.957124e-12 3.996697e-07 -4.91274e-15
0.5 0.0 0.0 -1.7508e-06 5.375021e-12 1.750792e-06 -1.04361e-14
0.55 0.0 0.0 -5.90975e-06 1.016596e-11 5.909738e-06 -2.81997e-14
0.6 0.0 0.0 -1.44901e-05 1.731168e-11 1.449012e-05 -6.89448e-14
0.65 0.0 0.0 -2.72444e-05 2.685805e-11 2.724437e-05 -1.45661e-13
0.7 0.0 0.0 -4.29224e-05 3.921223e-11 4.292233e-05 -2.91323e-13
0.75 0.0 0.0 -6.04919e-05 5.49753e-11 6.049183e-05 -6.01519e-13
0.8 0.0 0.0 -7.93337e-05 7.501081e-11 7.933359e-05 -1.33837e-12
0.85 0.0 0.0 -9.90877e-05 1.007204e-10 9.908757e-05 -3.19886e-12
0.9 0.0 0.0 -0.000119529 1.347278e-10 0.0001195292 -7.98719e-12
0.95 0.0 0.0 -0.000140508 1.82449e-10 0.0001405074 -2.0173e-11
1.0 0.0 0.0 -0.000161915 2.552073e-10 0.0001619148 -4.99885e-11
1.05 0.0 0.0 -0.000183674 3.749264e-10 0.0001836737 -1.18104e-10
1.1 0.0 0.0 -0.000205728 5.783347e-10 0.0002057276 -2.59814e-10
0.0 0.0 0.05 6.30142e-14 8.449651e-14 -1.44272e-13 -3.27516e-15
0.05 0.0 0.05 -8.12712e-14 1.657816e-13 -8.12712e-14 -3.27516e-15
0.1 0.0 0.05 -4.58885e-13 1.664014e-13 2.957233e-13 -3.27516e-15
0.15 0.0 0.05 -3.33753e-12 1.112872e-13 3.229482e-12 -3.27516e-15
0.2 0.0 0.05 -2.59787e-11 1.881104e-13 2.579383e-11 -3.27516e-15
0.25 0.0 0.05 -1.96073e-10 3.998474e-13 1.95676e-10 -3.27516e-15
0.3 0.0 0.05 -1.4312e-09 7.315221e-13 1.430468e-09 -3.27516e-15
0.35 0.0 0.05 -9.85138e-09 1.214862e-12 9.850172e-09 -3.33067e-15
0.4 0.0 0.05 -6.10764e-08 1.909918e-12 6.10745e-08 -3.60822e-15
0.45 0.0 0.05 -3.26436e-07 3.037941e-12 3.264325e-07 -4.44089e-15
0.5 0.0 0.05 -1.46662e-06 5.450252e-12 1.466617e-06 -8.77076e-15
0.55 0.0 0.05 -5.1388e-06 1.021456e-11 5.138789e-06 -2.3398e-14
0.6 0.0 0.05 -1.30858e-05 1.730443e-11 1.30858e-05 -5.79259e-14
0.65 0.0 0.05 -2.52904e-05 2.677033e-11 2.529037e-05 -1.25011e-13
0.7 0.0 0.05 -4.0555e-05 3.901778e-11 4.055495e-05 -2.54324e-13
0.75 0.0 0.05 -5.78086e-05 5.463386e-11 5.780856e-05 -5.30936e-13
0.8 0.0 0.05 -7.63951e-05 7.444856e-11 7.639504e-05 -1.18905e-12
0.85 0.0 0.05 -9.59329e-05 9.97846e-11 9.593278e-05 -2.85266e-12
0.9 0.0 0.05 -0.000116185 1.330775e-10 0.0001161848 -7.14506e-12
0.95 0.0 0.05 -0.000136992 1.793135e-10 0.0001369916 -1.81127e-11
1.0 0.0 0.05 -0.00015824 2.489483e-10 0.0001582394 -4.51278e-11
1.05 0.0 0.05 -0.000179845 3.624869e-10 0.0001798445 -1.07452e-10
1.1 0.0 0.05 -0.000201745 5.549268e-10 0.0002017445 -2.38655e-10
0.0 0.0 0.1 5.574092e-13 8.51163e-14 -6.39286e-13 -3.27516e-15
0.05 0.0 0.1 2.957233e-13 1.664014e-13 -4.58885e-13 -3.27516e-15
0.1 0.0 0.1 -8.18908e-14 1.67021e-13 -8.18908e-14 -3.27516e-15
0.15 0.0 0.1 -2.26878e-12 1.119067e-13 2.160112e-12 -3.27516e-15
0.2 0.0 0.1 -1.96093e-11 1.8873e-13 1.942382e-11 -3.27516e-15
0.25 0.0 0.1 -1.50691e-10 4.00467e-13 1.502941e-10 -3.27516e-15
0.3 0.0 0.1 -1.11073e-09 7.321415e-13 1.109999e-09 -3.27516e-15
0.35 0.0 0.1 -7.73295e-09 1.21548e-12 7.731739e-09 -3.21965e-15
0.4 0.0 0.1 -4.87372e-08 1.910517e-12 4.873526e-08 -3.38618e-15
0.45 0.0 0.1 -2.65746e-07 3.038164e-12 2.657433e-07 -4.21885e-15
0.5 0.0 0.1 -1.22328e-06 5.445408e-12 1.223273e-06 -7.54952e-15
0.55 0.0 0.1 -4.44441e-06 1.018437e-11 4.444403e-06 -1.91791e-14
0.6 0.0 0.1 -1.17638e-05 1.721948e-11 1.176377e-05 -4.8378e-14
0.65 0.0 0.1 -2.34019e-05 2.66059e-11 2.340191e-05 -1.06692e-13
0.7 0.0 0.1 -3.82353e-05 3.874869e-11 3.823527e-05 -2.20796e-13
0.75 0.0 0.1 -5.51598e-05 5.422229e-11 5.515975e-05 -4.66738e-13
0.8 0.0 0.1 -7.34819e-05 7.382608e-11 7.348187e-05 -1.05385e-12
0.85 0.0 0.1 -9.2798e-05 9.88113e-11 9.279789e-05 -2.54088e-12
0.9 0.0 0.1 -0.000112859 1.314425e-10 0.0001128584 -6.38661e-12
0.95 0.0 0.1 -0.000133496 1.76313e-10 0.0001334961 -1.62512e-11
1.0 0.0 0.1 -0.000154591 2.430691e-10 0.0001545913 -4.07061e-11
1.05 0.0 0.1 -0.000176056 3.508541e-10 0.0001760554 -9.7659e-11
1.1 0.0 0.1 -0.000197822 5.329442e-10 0.0001978214 -2.18969e-10
0.0 0.0 0.15 4.397066e-12 3.000203e-14 -4.42383e-12 -3.27516e-15
0.05 0.0 0.15 3.229482e-12 1.112872e-13 -3.33753e-12 -3.27516e-15
0.1 0.0 0.15 2.160112e-12 1.119067e-13 -2.26878e-12 -3.27516e-15
0.15 0.0 0.15 -2.6776e-14 5.679151e-14 -2.6776e-14 -3.27516e-15
0.2 0.0 0.15 -1.33329e-11 1.336148e-13 1.320249e-11 -3.27516e-15
0.25 0.0 0.15 -1.13889e-10 3.453518e-13 1.135464e-10 -3.27516e-15
0.3 0.0 0.15 -8.56472e-10 6.770263e-13 8.557978e-10 -3.27516e-15
0.35 0.0 0.15 -6.04452e-09 1.160364e-12 6.04336e-09 -3.27516e-15
0.4 0.0 0.15 -3.87436e-08 1.855388e-12 3.874179e-08 -3.33067e-15
0.45 0.0 0.15 -2.1557e-07 2.982724e-12 2.155666e-07 -3.9968e-15
0.5 0.0 0.15 -1.01589e-06 5.38541e-12 1.015882e-06 -6.60583e-15
0.55 0.0 0.15 -3.82261e-06 1.010038e-11 3.822597e-06 -1.57929e-14
0.6 0.0 0.15 -1.05238e-05 1.708192e-11 1.052378e-05 -3.9968e-14
0.65 0.0 0.15 -2.1579e-05 2.638991e-11 2.157901e-05 -9.01779e-14
0.7 0.0 0.15 -3.59613e-05 3.843006e-11 3.596122e-05 -1.90375e-13
0.75 0.0 0.15 -5.25405e-05 5.376556e-11 5.254043e-05 -4.08562e-13
0.8 0.0 0.15 -7.05859e-05 7.316779e-11 7.05858e-05 -9.31477e-13
0.85 0.0 0.15 -8.96707e-05 9.782315e-11 8.967065e-05 -2.25997e-12
0.9 0.0 0.15 -0.000109533 1.298413e-10 0.000109533 -5.70352e-12
0.95 0.0 0.15 -0.000129998 1.734561e-10 0.0001299976 -1.45708e-11
1.0 0.0 0.15 -0.00015094 2.375614e-10 0.0001509395 -3.6688e-11
1.05 0.0 0.15 -0.000172266 3.399982e-10 0.0001722658 -8.8669e-11
1.1 0.0 0.15 -0.000193906 5.123373e-10 0.0001939057 -2.00677e-10
0.0 0.0 0.2 3.375096e-11 1.068253e-13 -3.38545e-11 -3.27516e-15
0.05 0.0 0.2 2.579383e-11 1.881104e-13 -2.59787e-11 -3.27516e-15
0.1 0.0 0.2 1.942382e-11 1.8873e-13 -1.96093e-11 -3.27516e-15
0.15 0.0 0.2 1.320249e-11 1.336148e-13 -1.33329e-11 -3.27516e-15
0.2 0.0 0.2 -1.03596e-13 2.104308e-13 -1.03596e-13 -3.27516e-15
0.25 0.0 0.2 -7.751e-11 4.22168e-13 7.709102e-11 -3.27516e-15
0.3 0.0 0.2 -6.4919e-10 7.538428e-13 6.484394e-10 -3.27516e-15
0.35 0.0 0.2 -4.69162e-09 1.237181e-12 4.690382e-09 -3.27516e-15
0.4 0.0 0.2 -3.06487e-08 1.932199e-12 3.064674e-08 -3.27516e-15
0.45 0.0 0.2 -1.74147e-07 3.059286e-12 1.741435e-07 -3.69149e-15
0.5 0.0 0.2 -8.39865e-07 5.457924e-12 8.398598e-07 -5.7454e-15
0.55 0.0 0.2 -3.26898e-06 1.015032e-11 3.268965e-06 -1.29063e-14
0.6 0.0 0.2 -9.36521e-06 1.707964e-11 9.365188e-06 -3.26406e-14
0.65 0.0 0.2 -1.98218e-05 2.631036e-11 1.982176e-05 -7.55507e-14
0.7 0.0 0.2 -3.3731e-05 3.824998e-11 3.373093e-05 -1.62981e-13
0.75 0.0 0.2 -4.99462e-05 5.345175e-11 4.994616e-05 -3.55743e-13
0.8 0.0 0.2 -6.76997e-05 7.266141e-11 6.769967e-05 -8.21038e-13
0.85 0.0 0.2 -8.65413e-05 9.700649e-11 8.654116e-05 -2.00659e-12
0.9 0.0 0.2 -0.000106196 1.284562e-10 0.0001061955 -5.08882e-12
0.95 0.0 0.2 -0.00012648 1.709164e-10 0.0001264796 -1.30546e-11
1.0 0.0 0.2 -0.000147263 2.32583e-10 0.0001472632 -3.30402e-11
1.05 0.0 0.2 -0.000168449 3.300558e-10 0.0001684492 -8.04267e-11
1.1 0.0 0.2 -0.000189964 4.932232e-10 0.0001899633 -1.83704e-10
0.0 0.0 0.25 2.532624e-10 3.185624e-13 -2.53578e-10 -3.27516e-15
0.05 0.0 0.25 1.95676e-10 3.998474e-13 -1.96073e-10 -3.27516e-15
0.1 0.0 0.25 1.502941e-10 4.00467e-13 -1.50691e-10 -3.27516e-15
0.15 0.0 0.25 1.135464e-10 3.453518e-13 -1.13889e-10 -3.27516e-15
0.2 0.0 0.25 7.709102e-11 4.22168e-13 -7.751e-11 -3.27516e-15
0.25 0.0 0.25 -3.15301e-13 6.338429e-13 -3.15301e-13 -3.27516e-15
0.3 0.0 0.25 -4.42987e-10 9.655198e-13 4.420251e-10 -3.27516e-15
0.35 0.0 0.25 -3.57763e-09 1.448861e-12 3.576179e-09 -3.27516e-15
0.4 0.0 0.25 -2.40579e-08 2.143883e-12 2.405579e-08 -3.33067e-15
0.45 0.0 0.25 -1.3994e-07 3.270792e-12 1.399365e-07 -3.60822e-15
0.5 0.0 0.25 -6.90909e-07 5.665901e-12 6.909029e-07 -5.13478e-15
0.55 0.0 0.25 -2.77862e-06 1.033725e-11 2.778606e-06 -1.07137e-14
0.6 0.0 0.25 -8.28664e-06 1.721592e-11 8.286618e-06 -2.65343e-14
0.65 0.0 0.25 -1.81295e-05 2.637071e-11 1.812947e-05 -6.25888e-14
0.7 0.0 0.25 -3.15414e-05 3.821215e-11 3.154138e-05 -1.38223e-13
0.75 0.0 0.25 -4.73709e-05 5.328476e-11 4.737082e-05 -3.08115e-13
0.8 0.0 0.25 -6.48145e-05 7.231079e-11 6.481446e-05 -7.21312e-13
0.85 0.0 0.25 -8.33979e-05 9.63642e-11 8.339779e-05 -1.77866e-12
0.9 0.0 0.25 -0.000102832 1.27287e-10 0.000102832 -4.53571e-12
0.95 0.0 0.25 -0.000122926 1.686858e-10 0.000122926 -1.16874e-11
1.0 0.0 0.25 -0.000143544 2.281107e-10 0.0001435437 -2.97316e-11
1.05 0.0 0.25 -0.000164584 3.209833e-10 0.000164584 -7.28797e-11
1.1 0.0 0.25 -0.00018597 4.75538e-10 0.0001859692 -1.67977e-10
0.0 0.0 0.3 1.836829e-09 6.502374e-13 -1.83748e-09 -3.27516e-15
0.05 0.0 0.3 1.430468e-09 7.315221e-13 -1.4312e-09 -3.27516e-15
0.1 0.0 0.3 1.109999e-09 7.321415e-13 -1.11073e-09 -3.27516e-15
0.15 0.0 0.3 8.557978e-10 6.770263e-13 -8.56472e-10 -3.27516e-15
0.2 0.0 0.3 6.484394e-10 7.538428e-13 -6.4919e-10 -3.27516e-15
0.25 0.0 0.3 4.420251e-10 9.655198e-13 -4.42987e-10 -3.27516e-15
0.3 0.0 0.3 -6.46718e-13 1.296677e-12 -6.46718e-13 -3.27516e-15
0.35 0.0 0.3 -2.45501e-09 1.780036e-12 2.453231e-09 -3.27516e-15
0.4 0.0 0.3 -1.85386e-08 2.475079e-12 1.853609e-08 -3.33067e-15
0.45 0.0 0.3 -1.11526e-07 3.601901e-12 1.115225e-07 -3.52496e-15
0.5 0.0 0.3 -5.64919e-07 5.994046e-12 5.649133e-07 -4.57967e-15
0.55 0.0 0.3 -2.34602e-06 1.064601e-11 2.346013e-06 -8.71525e-15
0.6 0.0 0.3 -7.28543e-06 1.747591e-11 7.285409e-06 -2.14273e-14
0.65 0.0 0.3 -1.64997e-05 2.655653e-11 1.64997e-05 -5.12368e-14
0.7 0.0 0.3 -2.93867e-05 3.830262e-11 2.938671e-05 -1.1624e-13
0.75 0.0 0.3 -4.48042e-05 5.325121e-11 4.480418e-05 -2.65205e-13
0.8 0.0 0.3 -6.19161e-05 7.210286e-11 6.191605e-05 -6.31328e-13
0.85 0.0 0.3 -8.02234e-05 9.588278e-11 8.022335e-05 -1.57344e-12
0.9 0.0 0.3 -9.94232e-05 1.263176e-10 9.94231e-05 -4.03821e-12
0.95 0.0 0.3 -0.000119316 1.667415e-10 0.0001193155 -1.04554e-11
1.0 0.0 0.3 -0.000139759 2.241081e-10 0.0001397586 -2.67338e-11
1.05 0.0 0.3 -0.000160647 3.127243e-10 0.0001606465 -6.59781e-11
1.1 0.0 0.3 -0.000181898 4.592058e-10 0.0001818982 -1.53425e-10
0.0 0.0 0.35 1.250977e-08 1.13358e-12 -1.25109e-08 -3.38618e-15
0.05 0.0 0.35 9.850172e-09 1.214862e-12 -9.85138e-09 -3.33067e-15
0.1 0.0 0.35 7.731739e-09 1.21548e-12 -7.73295e-09 -3.21965e-15
0.15 0.0 0.35 6.04336e-09 1.160364e-12 -6.04452e-09 -3.27516e-15
0.2 0.0 0.35 4.690382e-09 1.237181e-12 -4.69162e-09 -3.27516e-15
0.25 0.0 0.35 3.576179e-09 1.448861e-12 -3.57763e-09 -3.27516e-15
0.3 0.0 0.35 2.453231e-09 1.780036e-12 -2.45501e-09 -3.27516e-15
0.35 0.0 0.35 -1.12797e-12 2.259178e-12 -1.12797e-12 -3.27516e-15
0.4 0.0 0.35 -1.28397e-08 2.954355e-12 1.283672e-08 -3.27516e-15
0.45 0.0 0.35 -8.71694e-08 4.081231e-12 8.716536e-08 -3.38618e-15
0.5 0.0 0.35 -4.57645e-07 6.471089e-12 4.576387e-07 -4.16334e-15
0.55 0.0 0.35 -1.96465e-06 1.110557e-11 1.964642e-06 -7.29972e-15
0.6 0.0 0.35 -6.35662e-06 1.78891e-11 6.356601e-06 -1.70974e-14
0.65 0.0 0.35 -1.49264e-05 2.689807e-11 1.492634e-05 -4.14668e-14
0.7 0.0 0.35 -2.72552e-05 3.855264e-11 2.725515e-05 -9.66172e-14
0.75 0.0 0.35 -4.22279e-05 5.338348e-11 4.222781e-05 -2.2668e-13
0.8 0.0 0.35 -5.89804e-05 7.207108e-11 5.898031e-05 -5.50504e-13
0.85 0.0 0.35 -7.69896e-05 9.559601e-11 7.698952e-05 -1.38894e-12
0.9 0.0 0.35 -9.59378e-05 1.255803e-10 9.593766e-05 -3.59135e-12
0.95 0.0 0.35 -0.000115616 1.651102e-10 0.0001156155 -9.34597e-12
1.0 0.0 0.35 -0.000135875 2.205897e-10 0.0001358744 -2.40198e-11
1.05 0.0 0.35 -0.000156604 3.052745e-10 0.0001566033 -5.9675e-11
1.1 0.0 0.35 -0.000177717 4.442021e-10 0.000177717 -1.39979e-10
0.0 0.0 0.4 7.62886e-08 1.828661e-12 -7.62904e-08 -3.55271e-15
0.05 0.0 0.4 6.10745e-08 1.909918e-12 -6.10764e-08 -3.60822e-15
0.1 0.0 0.4 4.873526e-08 1.910517e-12 -4.87372e-08 -3.38618e-15
0.15 0.0 0.4 3.874179e-08 1.855388e-12 -3.87436e-08 -3.33067e-15
0.2 0.0 0.4 3.064674e-08 1.932199e-12 -3.06487e-08 -3.27516e-15
0.25 0.0 0.4 2.405579e-08 2.143883e-12 -2.40579e-08 -3.33067e-15
0.3 0.0 0.4 1.853609e-08 2.475079e-12 -1.85386e-08 -3.33067e-15
0.35 0.0 0.4 1.283672e-08 2.954355e-12 -1.28397e-08 -3.27516e-15
0.4 0.0 0.4 -1.80654e-12 3.616336e-12 -1.80654e-12 -3.27516e-15
0.45 0.0 0.4 -6.09826e-08 4.744123e-12 6.097786e-08 -3.33067e-15
0.5 0.0 0.4 -3.62692e-07 7.132572e-12 3.626847e-07 -3.9968e-15
0.55 0.0 0.4 -1.62502e-06 1.175186e-11 1.625012e-06 -6.10623e-15
0.6 0.0 0.4 -5.48989e-06 1.849231e-11 5.489873e-06 -1.37113e-14
0.65 0.0 0.4 -1.33945e-05 2.743362e-11 1.33945e-05 -3.30569e-14
0.7 0.0 0.4 -2.51217e-05 3.900251e-11 2.51217e-05 -7.96585e-14
0.75 0.0 0.4 -3.9606e-05 5.372419e-11 3.960592e-05 -1.92374e-13
0.8 0.0 0.4 -5.59631e-05 7.226024e-11 5.596299e-05 -4.77979e-13
0.85 0.0 0.4 -7.36466e-05 9.555019e-11 7.364655e-05 -1.22355e-12
0.9 0.0 0.4 -9.23231e-05 1.25121e-10 9.232302e-05 -3.19006e-12
0.95 0.0 0.4 -0.000111773 1.638338e-10 0.0001117724 -8.34777e-12
1.0 0.0 0.4 -0.000131838 2.175867e-10 0.0001318379 -2.15655e-11
1.05 0.0 0.4 -0.000152403 2.986473e-10 0.0001524024 -5.39253e-11
1.1 0.0 0.4 -0.000173376 4.305213e-10 0.0001733756 -1.27572e-10
0.0 0.0 0.45 3.996697e-07 2.957124e-12 -3.99673e-07 -4.91274e-15
0.05 0.0 0.45 3.264325e-07 3.037941e-12 -3.26436e-07 -4.44089e-15
0.1 0.0 0.45 2.657433e-07 3.038164e-12 -2.65746e-07 -4.21885e-15
0.15 0.0 0.45 2.155666e-07 2.982724e-12 -2.1557e-07 -3.9968e-15
0.2 0.0 0.45 1.741435e-07 3.059286e-12 -1.74147e-07 -3.69149e-15
0.25 0.0 0.45 1.399365e-07 3.270792e-12 -1.3994e-07 -3.60822e-15
0.3 0.0 0.45 1.115225e-07 3.601901e-12 -1.11526e-07 -3.52496e-15
0.35 0.0 0.45 8.716536e-08 4.081231e-12 -8.71694e-08 -3.38618e-15
0.4 0.0 0.45 6.097786e-08 4.744123e-12 -6.09826e-08 -3.33067e-15
0.45 0.0 0.45 -2.81456e-12 5.63244e-12 -2.81456e-12 -3.33067e-15
0.5 0.0 0.45 -2.53442e-07 8.024598e-12 2.534335e-07 -3.69149e-15
0.55 0.0 0.45 -1.30376e-06 1.263094e-11 1.303751e-06 -5.21805e-15
0.6 0.0 0.45 -4.65746e-06 1.933285e-11 4.657439e-06 -1.07692e-14
0.65 0.0 0.45 -1.18643e-05 2.821336e-11 1.186422e-05 -2.6229e-14
0.7 0.0 0.45 -2.29276e-05 3.970634e-11 2.292758e-05 -6.4837e-14
0.75 0.0 0.45 -3.68625e-05 5.433181e-11 3.686241e-05 -1.62204e-13
0.8 0.0 0.45 -5.27765e-05 7.273294e-11 5.277646e-05 -4.13725e-13
0.85 0.0 0.45 -7.01012e-05 9.581117e-11 7.010107e-05 -1.07578e-12
0.9 0.0 0.45 -8.84846e-05 1.250071e-10 8.848448e-05 -2.83054e-12
0.95 0.0 0.45 -0.000107693 1.62977e-10 0.0001076931 -7.45071e-12
1.0 0.0 0.45 -0.00012756 2.15155e-10 0.0001275597 -1.93483e-11
1.05 0.0 0.45 -0.000147959 2.928826e-10 0.0001479591 -4.86874e-11
1.1 0.0 0.45 -0.000168795 4.181843e-10 0.0001687944 -1.1614e-10
0.0 0.0 0.5 1.750792e-06 5.375021e-12 -1.7508e-06 -1.04361e-14
0.05 0.0 0.5 1.466617e-06 5.450252e-12 -1.46662e-06 -8.77076e-15
0.1 0.0 0.5 1.223273e-06 5.445408e-12 -1.22328e-06 -7.54952e-15
0.15 0.0 0.5 1.015882e-06 5.38541e-12 -1.01589e-06 -6.60583e-15
0.2 0.0 0.5 8.398598e-07 5.457924e-12 -8.39865e-07 -5.7454e-15
0.25 0.0 0.5 6.909029e-07 5.665901e-12 -6.90909e-07 -5.13478e-15
0.3 0.0 0.5 5.649133e-07 5.994046e-12 -5.64919e-07 -4.57967e-15
0.35 0.0 0.5 4.576387e-07 6.471089e-12 -4.57645e-07 -4.16334e-15
0.4 0.0 0.5 3.626847e-07 7.132572e-12 -3.62692e-07 -3.9968e-15
0.45 0.0 0.5 2.534335e-07 8.024598e-12 -2.53442e-07 -3.69149e-15
0.5 0.0 0.5 -4.59799e-12 9.199564e-12 -4.59799e-12 -3.66374e-15
0.55 0.0 0.5 -8.83706e-07 1.381138e-11 8.836926e-07 -4.66294e-15
0.6 0.0 0.5 -3.75237e-06 2.047966e-11 3.752349e-06 -8.77076e-15
0.65 0.0 0.5 -1.02096e-05 2.931028e-11 1.020958e-05 -2.06501e-14
0.7 0.0 0.5 -2.0519e-05 4.074361e-11 2.0519e-05 -5.27911e-14
0.75 0.0 0.5 -3.3823e-05 5.529295e-11 3.382295e-05 -1.36502e-13
0.8 0.0 0.5 -4.92375e-05 7.358258e-11 4.923742e-05 -3.5752e-13
0.85 0.0 0.5 -6.61702e-05 9.647801e-11 6.617014e-05 -9.44855e-13
0.9 0.0 0.5 -8.42455e-05 1.253412e-10 8.424542e-05 -2.50983e-12
0.95 0.0 0.5 -0.000103211 1.626424e-10 0.0001032107 -6.64613e-12
1.0 0.0 0.5 -0.000122885 2.133905e-10 0.0001228844 -1.73479e-11
1.05 0.0 0.5 -0.00014313 2.880618e-10 0.0001431299 -4.39222e-11
1.1 0.0 0.5 -0.000163842 4.072543e-10 0.0001638421 -1.05624e-10
0.0 0.0 0.55 5.909738e-06 1.016596e-11 -5.90975e-06 -2.81997e-14
0.05 0.0 0.55 5.138789e-06 1.021456e-11 -5.1388e-06 -2.3398e-14
0.1 0.0 0.55 4.444403e-06 1.018437e-11 -4.44441e-06 -1.91791e-14
0.15 0.0 0.55 3.822597e-06 1.010038e-11 -3.82261e-06 -1.57929e-14
0.2 0.0 0.55 3.268965e-06 1.015032e-11 -3.26898e-06 -1.29063e-14
0.25 0.0 0.55 2.778606e-06 1.033725e-11 -2.77862e-06 -1.07137e-14
0.3 0.0 0.55 2.346013e-06 1.064601e-11 -2.34602e-06 -8.71525e-15
0.35 0.0 0.55 1.964642e-06 1.110557e-11 -1.96465e-06 -7.29972e-15
0.4 0.0 0.55 1.625012e-06 1.175186e-11 -1.62502e-06 -6.10623e-15
0.45 0.0 0.55 1.303751e-06 1.263094e-11 -1.30376e-06 -5.21805e-15
0.5 0.0 0.55 8.836926e-07 1.381138e-11 -8.83706e-07 -4.66294e-15
0.55 0.0 0.55 -7.67303e-12 1.53505e-11 -7.67303e-12 -4.57967e-15
0.6 0.0 0.55 -2.38245e-06 2.203079e-11 2.38243e-06 -7.54952e-15
0.65 0.0 0.55 -8.05064e-06 3.082844e-11 8.050606e-06 -1.69864e-14
0.7 0.0 0.55 -1.75165e-05 4.222617e-11 1.751648e-05 -4.35207e-14
0.75 0.0 0.55 -3.01139e-05 5.672939e-11 3.011387e-05 -1.15769e-13
0.8 0.0 0.55 -4.49868e-05 7.494185e-11 4.498675e-05 -3.09697e-13
0.85 0.0 0.55 -6.15152e-05 9.7694e-11 6.151507e-05 -8.30558e-13
0.9 0.0 0.55 -7.9291e-05 1.262752e-10 7.929087e-05 -2.22544e-12
0.95 0.0 0.55 -9.80356e-05 1.629865e-10 9.803541e-05 -5.9267e-12
1.0 0.0 0.55 -0.000117548 2.124476e-10 0.0001175473 -1.55464e-11
1.05 0.0 0.55 -0.000137675 2.843286e-10 0.0001376751 -3.95935e-11
1.1 0.0 0.55 -0.000158303 3.978592e-10 0.0001583023 -9.59629e-11
0.0 0.0 0.6 1.449012e-05 1.731168e-11 -1.44901e-05 -6.89448e-14
0.05 0.0 0.6 1.30858e-05 1.730443e-11 -1.30858e-05 -5.79259e-14
0.1 0.0 0.6 1.176377e-05 1.721948e-11 -1.17638e-05 -4.8378e-14
0.15 0.0 0.6 1.052378e-05 1.708192e-11 -1.05238e-05 -3.9968e-14
0.2 0.0 0.6 9.365188e-06 1.707964e-11 -9.36521e-06 -3.26406e-14
0.25 0.0 0.6 8.286618e-06 1.721592e-11 -8.28664e-06 -2.65343e-14
0.3 0.0 0.6 7.285409e-06 1.747591e-11 -7.28543e-06 -2.14273e-14
0.35 0.0 0.6 6.356601e-06 1.78891e-11 -6.35662e-06 -1.70974e-14
0.4 0.0 0.6 5.489873e-06 1.849231e-11 -5.48989e-06 -1.37113e-14
0.45 0.0 0.6 4.657439e-06 1.933285e-11 -4.65746e-06 -1.07692e-14
0.5 0.0 0.6 3.752349e-06 2.047966e-11 -3.75237e-06 -8.77076e-15
0.55 0.0 0.6 2.38243e-06 2.203079e-11 -2.38245e-06 -7.54952e-15
0.6 0.0 0.6 -1.20024e-11 2.401169e-11 -1.20024e-11 -6.88338e-15
0.65 0.0 0.6 -4.77417e-06 3.285136e-11 4.774139e-06 -1.46549e-14
0.7 0.0 0.6 -1.33383e-05 4.424572e-11 1.333827e-05 -3.71092e-14
0.75 0.0 0.6 -2.5196e-05 5.874599e-11 2.519595e-05 -9.9698e-14
0.8 0.0 0.6 -3.9523e-05 7.693401e-11 3.952288e-05 -2.7045e-13
0.85 0.0 0.6 -5.56661e-05 9.960474e-11 5.566603e-05 -7.32303e-13
0.9 0.0 0.6 -7.31793e-05 1.279783e-10 7.317913e-05 -1.97531e-12
0.95 0.0 0.6 -9.1753e-05 1.641996e-10 9.175287e-05 -5.28574e-12
1.0 0.0 0.6 -0.000111163 2.125307e-10 0.0001111623 -1.39277e-11
1.05 0.0 0.6 -0.000131238 2.818912e-10 0.0001312378 -3.56681e-11
1.1 0.0 0.6 -0.000151849 3.902032e-10 0.0001518485 -8.71032e-11
0.0 0.0 0.65 2.724437e-05 2.685805e-11 -2.72444e-05 -1.45661e-13
0.05 0.0 0.65 2.529037e-05 2.677033e-11 -2.52904e-05 -1.25011e-13
0.1 0.0 0.65 2.340191e-05 2.66059e-11 -2.34019e-05 -1.06692e-13
0.15 0.0 0.65 2.157901e-05 2.638991e-11 -2.1579e-05 -9.01779e-14
0.2 0.0 0.65 1.982176e-05 2.631036e-11 -1.98218e-05 -7.55507e-14
0.25 0.0 0.65 1.812947e-05 2.637071e-11 -1.81295e-05 -6.25888e-14
0.3 0.0 0.65 1.64997e-05 2.655653e-11 -1.64997e-05 -5.12368e-14
0.35 0.0 0.65 1.492634e-05 2.689807e-11 -1.49264e-05 -4.14668e-14
0.4 0.0 0.65 1.33945e-05 2.743362e-11 -1.33945e-05 -3.30569e-14
0.45 0.0 0.65 1.186422e-05 2.821336e-11 -1.18643e-05 -2.6229e-14
0.5 0.0 0.65 1.020958e-05 2.931028e-11 -1.02096e-05 -2.06501e-14
0.55 0.0 0.65 8.050606e-06 3.082844e-11 -8.05064e-06 -1.69864e-14
0.6 0.0 0.65 4.774139e-06 3.285136e-11 -4.77417e-06 -1.46549e-14
0.65 0.0 0.65 -1.76725e-11 3.535795e-11 -1.76725e-11 -1.30451e-14
0.7 0.0 0.65 -7.56461e-06 4.684508e-11 7.564568e-06 -3.24463e-14
0.75 0.0 0.65 -1.86615e-05 6.137962e-11 1.866143e-05 -8.71525e-14
0.8 0.0 0.65 -3.24561e-05 7.960152e-11 3.2456e-05 -2.37865e-13
0.85 0.0 0.65 -4.8244e-05 1.022687e-10 4.824388e-05 -6.48009e-13
0.9 0.0 0.65 -6.5533e-05 1.305354e-10 6.553291e-05 -1.75582e-12
0.95 0.0 0.65 -8.39819e-05 1.664012e-10 8.398179e-05 -4.71637e-12
1.0 0.0 0.65 -0.000103344 2.137964e-10 0.0001033433 -1.2476e-11
1.05 0.0 0.65 -0.000123431 2.809401e-10 0.0001234306 -3.21146e-11
1.1 0.0 0.65 -0.000144099 3.845041e-10 0.0001440982 -7.89916e-11
0.0 0.0 0.7 4.292233e-05 3.921223e-11 -4.29224e-05 -2.91323e-13
0.05 0.0 0.7 4.055495e-05 3.901778e-11 -4.0555e-05 -2.54324e-13
0.1 0.0 0.7 3.823527e-05 3.874869e-11 -3.82353e-05 -2.20796e-13
0.15 0.0 0.7 3.596122e-05 3.843006e-11 -3.59613e-05 -1.90375e-13
0.2 0.0 0.7 3.373093e-05 3.824998e-11 -3.3731e-05 -1.62981e-13
0.25 0.0 0.7 3.154138e-05 3.821215e-11 -3.15414e-05 -1.38223e-13
0.3 0.0 0.7 2.938671e-05 3.830262e-11 -2.93867e-05 -1.1624e-13
0.35 0.0 0.7 2.725515e-05 3.855264e-11 -2.72552e-05 -9.66172e-14
0.4 0.0 0.7 2.51217e-05 3.900251e-11 -2.51217e-05 -7.96585e-14
0.45 0.0 0.7 2.292758e-05 3.970634e-11 -2.29276e-05 -6.4837e-14
0.5 0.0 0.7 2.0519e-05 4.074361e-11 -2.0519e-05 -5.27911e-14
0.55 0.0 0.7 1.751648e-05 4.222617e-11 -1.75165e-05 -4.35207e-14
0.6 0.0 0.7 1.333827e-05 4.424572e-11 -1.33383e-05 -3.71092e-14
0.65 0.0 0.7 7.564568e-06 4.684508e-11 -7.56461e-06 -3.24463e-14
0.7 0.0 0.7 -2.49783e-11 4.998535e-11 -2.49783e-11 -2.88936e-14
0.75 0.0 0.7 -1.03064e-05 6.467616e-11 1.030635e-05 -7.69107e-14
0.8 0.0 0.7 -2.35914e-05 8.296399e-11 2.359134e-05 -2.10276e-13
0.85 0.0 0.7 -3.90645e-05 1.056891e-10 3.90644e-05 -5.7504e-13
0.9 0.0 0.7 -5.61715e-05 1.339415e-10 5.617139e-05 -1.56286e-12
0.95 0.0 0.7 -7.45336e-05 1.695887e-10 7.453341e-05 -4.2101e-12
1.0 0.0 0.7 -9.38817e-05 2.16258e-10 9.388149e-05 -1.11746e-11
1.05 0.0 0.7 -0.000114016 2.815162e-10 0.0001140155 -2.8901e-11
1.1 0.0 0.7 -0.000134781 3.808434e-10 0.0001347807 -7.15757e-11
0.0 0.0 0.75 6.049183e-05 5.49753e-11 -6.04919e-05 -6.01519e-13
0.05 0.0 0.75 5.780856e-05 5.463386e-11 -5.78086e-05 -5.30936e-13
0.1 0.0 0.75 5.515975e-05 5.422229e-11 -5.51598e-05 -4.66738e-13
0.15 0.0 0.75 5.254043e-05 5.376556e-11 -5.25405e-05 -4.08562e-13
0.2 0.0 0.75 4.994616e-05 5.345175e-11 -4.99462e-05 -3.55743e-13
0.25 0.0 0.75 4.737082e-05 5.328476e-11 -4.73709e-05 -3.08115e-13
0.3 0.0 0.75 4.480418e-05 5.325121e-11 -4.48042e-05 -2.65205e-13
0.35 0.0 0.75 4.222781e-05 5.338348e-11 -4.22279e-05 -2.2668e-13
0.4 0.0 0.75 3.960592e-05 5.372419e-11 -3.9606e-05 -1.92374e-13
0.45 0.0 0.75 3.686241e-05 5.433181e-11 -3.68625e-05 -1.62204e-13
0.5 0.0 0.75 3.382295e-05 5.529295e-11 -3.3823e-05 -1.36502e-13
0.55 0.0 0.75 3.011387e-05 5.672939e-11 -3.01139e-05 -1.15769e-13
0.6 0.0 0.75 2.519595e-05 5.874599e-11 -2.5196e-05 -9.9698e-14
0.65 0.0 0.75 1.866143e-05 6.137962e-11 -1.86615e-05 -8.71525e-14
0.7 0.0 0.75 1.030635e-05 6.467616e-11 -1.03064e-05 -7.69107e-14
0.75 0.0 0.75 -3.42578e-11 6.858399e-11 -3.42578e-11 -6.84452e-14
0.8 0.0 0.75 -1.28095e-05 8.70972e-11 1.280938e-05 -1.86573e-13
0.85 0.0 0.75 -2.80267e-05 1.099053e-10 2.80266e-05 -5.10925e-13
0.9 0.0 0.75 -4.50134e-05 1.382055e-10 4.501328e-05 -1.392e-12
0.95 0.0 0.75 -6.33427e-05 1.737401e-10 6.334258e-05 -3.75922e-12
1.0 0.0 0.75 -8.272e-05 2.198628e-10 8.271975e-05 -1.00076e-11
1.05 0.0 0.75 -0.000102932 2.835417e-10 0.0001029314 -2.59966e-11
1.1 0.0 0.75 -0.000123816 3.791311e-10 0.0001238161 -6.48034e-11
0.0 0.0 0.8 7.933359e-05 7.501081e-11 -7.93337e-05 -1.33837e-12
0.05 0.0 0.8 7.639504e-05 7.444856e-11 -7.63951e-05 -1.18905e-12
0.1 0.0 0.8 7.348187e-05 7.382608e-11 -7.34819e-05 -1.05385e-12
0.15 0.0 0.8 7.05858e-05 7.316779e-11 -7.05859e-05 -9.31477e-13
0.2 0.0 0.8 6.769967e-05 7.266141e-11 -6.76997e-05 -8.21038e-13
0.25 0.0 0.8 6.481446e-05 7.231079e-11 -6.48145e-05 -7.21312e-13
0.3 0.0 0.8 6.191605e-05 7.210286e-11 -6.19161e-05 -6.31328e-13
0.35 0.0 0.8 5.898031e-05 7.207108e-11 -5.89804e-05 -5.50504e-13
0.4 0.0 0.8 5.596299e-05 7.226024e-11 -5.59631e-05 -4.77979e-13
0.45 0.0 0.8 5.277646e-05 7.273294e-11 -5.27765e-05 -4.13725e-13
0.5 0.0 0.8 4.923742e-05 7.358258e-11 -4.92375e-05 -3.5752e-13
0.55 0.0 0.8 4.498675e-05 7.494185e-11 -4.49868e-05 -3.09697e-13
0.6 0.0 0.8 3.952288e-05 7.693401e-11 -3.9523e-05 -2.7045e-13
0.65 0.0 0.8 3.2456e-05 7.960152e-11 -3.24561e-05 -2.37865e-13
0.7 0.0 0.8 2.359134e-05 8.296399e-11 -2.35914e-05 -2.10276e-13
0.75 0.0 0.8 1.280938e-05 8.70972e-11 -1.28095e-05 -1.86573e-13
0.8 0.0 0.8 -4.58801e-11 9.192616e-11 -4.58801e-11 -1.65923e-13
0.85 0.0 0.8 -1.50384e-05 1.15028e-10 1.503829e-05 -4.54581e-13
0.9 0.0 0.8 -3.19877e-05 1.433977e-10 3.198755e-05 -1.24051e-12
0.95 0.0 0.8 -5.03611e-05 1.788912e-10 5.036088e-05 -3.35681e-12
1.0 0.0 0.8 -6.98323e-05 2.246047e-10 6.983213e-05 -8.96061e-12
1.05 0.0 0.8 -9.01724e-05 2.869576e-10 9.017213e-05 -2.33725e-11
1.1 0.0 0.8 -0.000111213 3.792492e-10 0.0001112123 -5.8625e-11
0.0 0.0 0.85 9.908757e-05 1.007204e-10 -9.90877e-05 -3.19886e-12
0.05 0.0 0.85 9.593278e-05 9.97846e-11 -9.59329e-05 -2.85266e-12
0.1 0.0 0.85 9.279789e-05 9.88113e-11 -9.2798e-05 -2.54088e-12
0.15 0.0 0.85 8.967065e-05 9.782315e-11 -8.96707e-05 -2.25997e-12
0.2 0.0 0.85 8.654116e-05 9.700649e-11 -8.65413e-05 -2.00659e-12
0.25 0.0 0.85 8.339779e-05 9.63642e-11 -8.33979e-05 -1.77866e-12
0.3 0.0 0.85 8.022335e-05 9.588278e-11 -8.02234e-05 -1.57344e-12
0.35 0.0 0.85 7.698952e-05 9.559601e-11 -7.69896e-05 -1.38894e-12
0.4 0.0 0.85 7.364655e-05 9.555019e-11 -7.36466e-05 -1.22355e-12
0.45 0.0 0.85 7.010107e-05 9.581117e-11 -7.01012e-05 -1.07578e-12
0.5 0.0 0.85 6.617014e-05 9.647801e-11 -6.61702e-05 -9.44855e-13
0.55 0.0 0.85 6.151507e-05 9.7694e-11 -6.15152e-05 -8.30558e-13
0.6 0.0 0.85 5.566603e-05 9.960474e-11 -5.56661e-05 -7.32303e-13
0.65 0.0 0.85 4.824388e-05 1.022687e-10 -4.8244e-05 -6.48009e-13
0.7 0.0 0.85 3.90644e-05 1.056891e-10 -3.90645e-05 -5.7504e-13
0.75 0.0 0.85 2.80266e-05 1.099053e-10 -2.80267e-05 -5.10925e-13
0.8 0.0 0.85 1.503829e-05 1.15028e-10 -1.50384e-05 -4.54581e-13
0.85 0.0 0.85 -6.02706e-11 1.209459e-10 -6.02706e-11 -4.04787e-13
0.9 0.0 0.85 -1.70136e-05 1.49664e-10 1.701343e-05 -1.10578e-12
0.95 0.0 0.85 -3.55273e-05 1.851429e-10 3.552714e-05 -2.99732e-12
1.0 0.0 0.85 -5.51783e-05 2.305482e-10 5.517803e-05 -8.02125e-12
1.05 0.0 0.85 -7.5719e-05 2.917817e-10 7.571874e-05 -2.10029e-11
1.1 0.0 0.85 -9.69727e-05 3.811539e-10 9.697241e-05 -5.29941e-11
0.0 0.0 0.9 0.0001195292 1.347278e-10 -0.000119529 -7.98719e-12
0.05 0.0 0.9 0.0001161848 1.330775e-10 -0.000116185 -7.14506e-12
0.1 0.0 0.9 0.0001128584 1.314425e-10 -0.000112859 -6.38661e-12
0.15 0.0 0.9 0.000109533 1.298413e-10 -0.000109533 -5.70352e-12
0.2 0.0 0.9 0.0001061955 1.284562e-10 -0.000106196 -5.08882e-12
0.25 0.0 0.9 0.000102832 1.27287e-10 -0.000102832 -4.53571e-12
0.3 0.0 0.9 9.94231e-05 1.263176e-10 -9.94232e-05 -4.03821e-12
0.35 0.0 0.9 9.593766e-05 1.255803e-10 -9.59378e-05 -3.59135e-12
0.4 0.0 0.9 9.232302e-05 1.25121e-10 -9.23231e-05 -3.19006e-12
0.45 0.0 0.9 8.848448e-05 1.250071e-10 -8.84846e-05 -2.83054e-12
0.5 0.0 0.9 8.424542e-05 1.253412e-10 -8.42455e-05 -2.50983e-12
0.55 0.0 0.9 7.929087e-05 1.262752e-10 -7.9291e-05 -2.22544e-12
0.6 0.0 0.9 7.317913e-05 1.279783e-10 -7.31793e-05 -1.97531e-12
0.65 0.0 0.9 6.553291e-05 1.305354e-10 -6.5533e-05 -1.75582e-12
0.7 0.0 0.9 5.617139e-05 1.339415e-10 -5.61715e-05 -1.56286e-12
0.75 0.0 0.9 4.501328e-05 1.382055e-10 -4.50134e-05 -1.392e-12
0.8 0.0 0.9 3.198755e-05 1.433977e-10 -3.19877e-05 -1.24051e-12
0.85 0.0 0.9 1.701343e-05 1.49664e-10 -1.70136e-05 -1.10578e-12
0.9 0.0 0.9 -7.79287e-11 1.568433e-10 -7.79287e-11 -9.85878e-13
0.95 0.0 0.9 -1.8768e-05 1.926777e-10 1.876784e-05 -2.67628e-12
1.0 0.0 0.9 -3.87012e-05 2.378227e-10 3.870098e-05 -7.17862e-12
1.05 0.0 0.9 -5.95323e-05 2.981035e-10 5.953205e-05 -1.88646e-11
1.1 0.0 0.9 -8.10757e-05 3.848845e-10 8.107539e-05 -4.78676e-11
0.0 0.0 0.95 0.0001405074 1.82449e-10 -0.000140508 -2.0173e-11
0.05 0.0 0.95 0.0001369916 1.793135e-10 -0.000136992 -1.81127e-11
0.1 0.0 0.95 0.0001334961 1.76313e-10 -0.000133496 -1.62512e-11
0.15 0.0 0.95 0.0001299976 1.734561e-10 -0.000129998 -1.45708e-11
0.2 0.0 0.95 0.0001264796 1.709164e-10 -0.00012648 -1.30546e-11
0.25 0.0 0.95 0.000122926 1.686858e-10 -0.000122926 -1.16874e-11
0.3 0.0 0.95 0.0001193155 1.667415e-10 -0.000119316 -1.04554e-11
0.35 0.0 0.95 0.0001156155 1.651102e-10 -0.000115616 -9.34597e-12
0.4 0.0 0.95 0.0001117724 1.638338e-10 -0.000111773 -8.34777e-12
0.45 0.0 0.95 0.0001076931 1.62977e-10 -0.000107693 -7.45071e-12
0.5 0.0 0.95 0.0001032107 1.626424e-10 -0.000103211 -6.64613e-12
0.55 0.0 0.95 9.803541e-05 1.629865e-10 -9.80356e-05 -5.9267e-12
0.6 0.0 0.95 9.175287e-05 1.641996e-10 -9.1753e-05 -5.28574e-12
0.65 0.0 0.95 8.398179e-05 1.664012e-10 -8.39819e-05 -4.71637e-12
0.7 0.0 0.95 7.453341e-05 1.695887e-10 -7.45336e-05 -4.2101e-12
0.75 0.0 0.95 6.334258e-05 1.737401e-10 -6.33427e-05 -3.75922e-12
0.8 0.0 0.95 5.036088e-05 1.788912e-10 -5.03611e-05 -3.35681e-12
0.85 0.0 0.95 3.552714e-05 1.851429e-10 -3.55273e-05 -2.99732e-12
0.9 0.0 0.95 1.876784e-05 1.926777e-10 -1.8768e-05 -2.67628e-12
0.95 0.0 0.95 -9.94395e-11 2.012685e-10 -9.94395e-11 -2.38956e-12
1.0 0.0 0.95 -2.03337e-05 2.466487e-10 2.033347e-05 -6.42295e-12
1.05 0.0 0.95 -4.15594e-05 3.060774e-10 4.155912e-05 -1.69362e-11
1.1 0.0 0.95 -6.3483e-05 3.9055e-10 6.348265e-05 -4.32052e-11
0.0 0.0 1.0 0.0001619148 2.552073e-10 -0.000161915 -4.99885e-11
0.05 0.0 1.0 0.0001582394 2.489483e-10 -0.00015824 -4.51279e-11
0.1 0.0 1.0 0.0001545913 2.430691e-10 -0.000154591 -4.07061e-11
0.15 0.0 1.0 0.0001509395 2.375614e-10 -0.00015094 -3.66881e-11
0.2 0.0 1.0 0.0001472632 2.32583e-10 -0.000147263 -3.30402e-11
0.25 0.0 1.0 0.0001435437 2.281107e-10 -0.000143544 -2.97316e-11
0.3 0.0 1.0 0.0001397586 2.241081e-10 -0.000139759 -2.67338e-11
0.35 0.0 1.0 0.0001358744 2.205897e-10 -0.000135875 -2.40199e-11
0.4 0.0 1.0 0.0001318379 2.175867e-10 -0.000131838 -2.15655e-11
0.45 0.0 1.0 0.0001275597 2.15155e-10 -0.00012756 -1.93483e-11
0.5 0.0 1.0 0.0001228844 2.133905e-10 -0.000122885 -1.7348e-11
0.55 0.0 1.0 0.0001175473 2.124476e-10 -0.000117548 -1.55465e-11
0.6 0.0 1.0 0.0001111623 2.125307e-10 -0.000111163 -1.39277e-11
0.65 0.0 1.0 0.0001033433 2.137964e-10 -0.000103344 -1.2476e-11
0.7 0.0 1.0 9.388149e-05 2.16258e-10 -9.38817e-05 -1.11746e-11
0.75 0.0 1.0 8.271975e-05 2.198628e-10 -8.272e-05 -1.00076e-11
0.8 0.0 1.0 6.983213e-05 2.246047e-10 -6.98323e-05 -8.96064e-12
0.85 0.0 1.0 5.517803e-05 2.305482e-10 -5.51783e-05 -8.02125e-12
0.9 0.0 1.0 3.870098e-05 2.378227e-10 -3.87012e-05 -7.17867e-12
0.95 0.0 1.0 2.033347e-05 2.466487e-10 -2.03337e-05 -6.42297e-12
1.0 0.0 1.0 -1.25484e-10 2.567139e-10 -1.25484e-10 -5.7454e-12
1.05 0.0 1.0 -2.17383e-05 3.159627e-10 2.173796e-05 -1.51981e-11
1.1 0.0 1.0 -4.4145e-05 3.983273e-10 4.414463e-05 -3.89693e-11
0.0 0.0 1.05 0.0001836737 3.749264e-10 -0.000183674 -1.18104e-10
0.05 0.0 1.05 0.0001798445 3.624869e-10 -0.000179845 -1.07452e-10
0.1 0.0 1.05 0.0001760554 3.508541e-10 -0.000176056 -9.76589e-11
0.15 0.0 1.05 0.0001722658 3.399982e-10 -0.000172266 -8.86691e-11
0.2 0.0 1.05 0.0001684492 3.300558e-10 -0.000168449 -8.04267e-11
0.25 0.0 1.05 0.000164584 3.209833e-10 -0.000164584 -7.28797e-11
0.3 0.0 1.05 0.0001606465 3.127243e-10 -0.000160647 -6.59781e-11
0.35 0.0 1.05 0.0001566033 3.052745e-10 -0.000156604 -5.96749e-11
0.4 0.0 1.05 0.0001524024 2.986473e-10 -0.000152403 -5.39254e-11
0.45 0.0 1.05 0.0001479591 2.928826e-10 -0.000147959 -4.86874e-11
0.5 0.0 1.05 0.0001431299 2.880618e-10 -0.00014313 -4.39222e-11
0.55 0.0 1.05 0.0001376751 2.843286e-10 -0.000137675 -3.95935e-11
0.6 0.0 1.05 0.0001312378 2.818912e-10 -0.000131238 -3.56681e-11
0.65 0.0 1.05 0.0001234306 2.809401e-10 -0.000123431 -3.21146e-11
0.7 0.0 1.05 0.0001140155 2.815162e-10 -0.000114016 -2.89011e-11
0.75 0.0 1.05 0.0001029314 2.835417e-10 -0.000102932 -2.59966e-11
0.8 0.0 1.05 9.017213e-05 2.869576e-10 -9.01724e-05 -2.33725e-11
0.85 0.0 1.05 7.571874e-05 2.917817e-10 -7.5719e-05 -2.10029e-11
0.9 0.0 1.05 5.953205e-05 2.981035e-10 -5.95323e-05 -1.88646e-11
0.95 0.0 1.05 4.155912e-05 3.060774e-10 -4.15594e-05 -1.69362e-11
1.0 0.0 1.05 2.173796e-05 3.159627e-10 -2.17383e-05 -1.51981e-11
1.05 0.0 1.05 -1.56853e-10 3.273379e-10 -1.56853e-10 -1.36328e-11
1.1 0.0 1.05 -2.30049e-05 4.085153e-10 2.300448e-05 -3.51248e-11
0.0 0.0 1.1 0.0002057276 5.783347e-10 -0.000205728 -2.59814e-10
0.05 0.0 1.1 0.0002017445 5.549268e-10 -0.000201745 -2.38655e-10
0.1 0.0 1.1 0.0001978214 5.329442e-10 -0.000197822 -2.18969e-10
0.15 0.0 1.1 0.0001939057 5.123373e-10 -0.000193906 -2.00677e-10
0.2 0.0 1.1 0.0001899633 4.932232e-10 -0.000189964 -1.83704e-10
0.25 0.0 1.1 0.0001859692 4.75538e-10 -0.00018597 -1.67977e-10
0.3 0.0 1.1 0.0001818982 4.592058e-10 -0.000181898 -1.53425e-10
0.35 0.0 1.1 0.000177717 4.442021e-10 -0.000177717 -1.39979e-10
0.4 0.0 1.1 0.0001733756 4.305213e-10 -0.000173376 -1.27572e-10
0.45 0.0 1.1 0.0001687944 4.181843e-10 -0.000168795 -1.1614e-10
0.5 0.0 1.1 0.0001638421 4.072543e-10 -0.000163842 -1.05623e-10
0.55 0.0 1.1 0.0001583023 3.978592e-10 -0.000158303 -9.59628e-11
0.6 0.0 1.1 0.0001518485 3.902032e-10 -0.000151849 -8.71032e-11
0.65 0.0 1.1 0.0001440982 3.845041e-10 -0.000144099 -7.89916e-11
0.7 0.0 1.1 0.0001347807 3.808434e-10 -0.000134781 -7.15756e-11
0.75 0.0 1.1 0.0001238161 3.791311e-10 -0.000123816 -6.48033e-11
0.8 0.0 1.1 0.0001112123 3.792492e-10 -0.000111213 -5.86249e-11
0.85 0.0 1.1 9.697241e-05 3.811539e-10 -9.69727e-05 -5.29942e-11
0.9 0.0 1.1 8.107539e-05 3.848845e-10 -8.10757e-05 -4.78676e-11
0.95 0.0 1.1 6.348265e-05 3.9055e-10 -6.3483e-05 -4.32052e-11
1.0 0.0 1.1 4.414463e-05 3.983273e-10 -4.4145e-05 -3.89693e-11
1.05 0.0 1.1 2.300448e-05 4.085153e-10 -2.30049e-05 -3.51248e-11
1.1 0.0 1.1 -1.94458e-10 4.205545e-10 -1.94458e-10 -3.16393e-11
0.0 1.1 0.0 1.803197e-10 -3.60632e-10 1.803197e-10 -7.77156e-15
0.05 1.1 0.0 1.502953e-10 -3.30611e-10 1.803197e-10 -3.91354e-15
0.1 1.1 0.0 1.247767e-10 -3.05092e-10 1.803197e-10 -4.02456e-15
0.15 1.1 0.0 1.031411e-10 -2.83457e-10 1.803197e-10 -4.02456e-15
0.2 1.1 0.0 8.484917e-11 -2.65165e-10 1.803197e-10 -4.02456e-15
0.25 1.1 0.0 6.943187e-11 -2.49748e-10 1.803197e-10 -4.02456e-15
0.3 1.1 0.0 5.648128e-11 -2.36797e-10 1.803197e-10 -4.02456e-15
0.35 1.1 0.0 4.564324e-11 -2.25959e-10 1.803197e-10 -4.02456e-15
0.4 1.1 0.0 3.661061e-11 -2.16926e-10 1.803197e-10 -4.02456e-15
0.45 1.1 0.0 2.911738e-11 -2.09433e-10 1.803197e-10 -4.02456e-15
0.5 1.1 0.0 2.293347e-11 -2.03249e-10 1.803197e-10 -4.02456e-15
0.55 1.1 0.0 1.786016e-11 -1.98176e-10 1.803197e-10 -4.02456e-15
0.6 1.1 0.0 1.372611e-11 -1.94042e-10 1.803197e-10 -4.02456e-15
0.65 1.1 0.0 1.038379e-11 -1.90699e-10 1.803197e-10 -4.02456e-15
0.7 1.1 0.0 7.706385e-12 -1.88022e-10 1.803198e-10 -4.02456e-15
0.75 1.1 0.0 5.584678e-12 -1.85901e-10 1.803204e-10 -4.02456e-15
0.8 1.1 0.0 3.9216e-12 -1.84243e-10 1.803257e-10 -4.02456e-15
0.85 1.1 0.0 2.606225e-12 -1.8297e-10 1.803671e-10 -4.02456e-15
0.9 1.1 0.0 1.325818e-12 -1.82012e-10 1.806896e-10 -4.02456e-15
0.95 1.1 0.0 -1.87416e-12 -1.81312e-10 1.831902e-10 -4.02456e-15
1.0 1.1 0.0 -2.162e-11 -1.80823e-10 2.024467e-10 -3.88578e-15
1.05 1.1 0.0 -1.68657e-10 -1.80502e-10 3.491632e-10 -3.9968e-15
1.1 1.1 0.0 -1.26527e-09 -1.80316e-10 1.445587e-09 -6.10623e-15
0.0 1.1 0.05 1.803197e-10 -3.30611e-10 1.502953e-10 -3.91354e-15
0.05 1.1 0.05 1.502953e-10 -3.00591e-10 1.502953e-10 -1.11022e-16
0.1 1.1 0.05 1.247767e-10 -2.75072e-10 1.502953e-10 -1.11022e-16
0.15 1.1 0.05 1.031411e-10 -2.53437e-10 1.502953e-10 -1.11022e-16
0.2 1.1 0.05 8.484917e-11 -2.35145e-10 1.502953e-10 -1.11022e-16
0.25 1.1 0.05 6.943187e-11 -2.19727e-10 1.502953e-10 -1.11022e-16
0.3 1.1 0.05 5.648128e-11 -2.06776e-10 1.502953e-10 -1.11022e-16
0.35 1.1 0.05 4.564324e-11 -1.95939e-10 1.502953e-10 -1.11022e-16
0.4 1.1 0.05 3.661061e-11 -1.86906e-10 1.502953e-10 -1.11022e-16
0.45 1.1 0.05 2.911738e-11 -1.79413e-10 1.502953e-10 -1.11022e-16
0.5 1.1 0.05 2.293347e-11 -1.73229e-10 1.502953e-10 -1.11022e-16
0.55 1.1 0.05 1.786016e-11 -1.68156e-10 1.502953e-10 -1.11022e-16
0.6 1.1 0.05 1.372611e-11 -1.64021e-10 1.502953e-10 -1.11022e-16
0.65 1.1 0.05 1.038379e-11 -1.60679e-10 1.502954e-10 -1.11022e-16
0.7 1.1 0.05 7.706406e-12 -1.58002e-10 1.502954e-10 -1.11022e-16
0.75 1.1 0.05 5.584845e-12 -1.55881e-10 1.502959e-10 -1.11022e-16
0.8 1.1 0.05 3.922928e-12 -1.54223e-10 1.503001e-10 -1.11022e-16
0.85 1.1 0.05 2.616743e-12 -1.52949e-10 1.503322e-10 -1.11022e-16
0.9 1.1 0.05 1.408994e-12 -1.51991e-10 1.505821e-10 -1.11022e-16
0.95 1.1 0.05 -1.2177e-12 -1.51292e-10 1.525095e-10 -1.11022e-16
1.0 1.1 0.05 -1.64604e-11 -1.50802e-10 1.672628e-10 -1.11022e-16
1.05 1.1 0.05 -1.28482e-10 -1.50482e-10 2.789633e-10 0.0
1.1 1.1 0.05 -9.58792e-10 -1.50295e-10 1.109087e-09 -4.71845e-16
0.0 1.1 0.1 1.803197e-10 -3.05092e-10 1.247767e-10 -4.02456e-15
0.05 1.1 0.1 1.502953e-10 -2.75072e-10 1.247767e-10 -1.11022e-16
0.1 1.1 0.1 1.247767e-10 -2.49553e-10 1.247767e-10 -1.11022e-16
0.15 1.1 0.1 1.031411e-10 -2.27918e-10 1.247767e-10 -1.11022e-16
0.2 1.1 0.1 8.484917e-11 -2.09626e-10 1.247767e-10 -1.11022e-16
0.25 1.1 0.1 6.943187e-11 -1.94208e-10 1.247767e-10 -1.11022e-16
0.3 1.1 0.1 5.648128e-11 -1.81258e-10 1.247767e-10 -1.11022e-16
0.35 1.1 0.1 4.564324e-11 -1.7042e-10 1.247767e-10 -1.11022e-16
0.4 1.1 0.1 3.661061e-11 -1.61388e-10 1.247767e-10 -1.11022e-16
0.45 1.1 0.1 2.911738e-11 -1.53894e-10 1.247767e-10 -1.11022e-16
0.5 1.1 0.1 2.293347e-11 -1.4771e-10 1.247767e-10 -1.11022e-16
0.55 1.1 0.1 1.786016e-11 -1.42637e-10 1.247767e-10 -1.11022e-16
0.6 1.1 0.1 1.372611e-11 -1.38503e-10 1.247767e-10 -1.11022e-16
0.65 1.1 0.1 1.038379e-11 -1.35161e-10 1.247767e-10 -1.11022e-16
0.7 1.1 0.1 7.706423e-12 -1.32483e-10 1.247768e-10 -1.11022e-16
0.75 1.1 0.1 5.584975e-12 -1.30362e-10 1.247772e-10 -1.11022e-16
0.8 1.1 0.1 3.923955e-12 -1.28704e-10 1.247804e-10 -1.11022e-16
0.85 1.1 0.1 2.624821e-12 -1.27431e-10 1.248055e-10 -1.11022e-16
0.9 1.1 0.1 1.472357e-12 -1.26473e-10 1.250001e-10 -1.11022e-16
0.95 1.1 0.1 -7.2206e-13 -1.25773e-10 1.264952e-10 -1.11022e-16
1.0 1.1 0.1 -1.26001e-11 -1.25284e-10 1.378839e-10 -5.55112e-17
1.05 1.1 0.1 -9.8675e-11 -1.24963e-10 2.236382e-10 -1.11022e-16
1.1 1.1 0.1 -7.32853e-10 -1.24777e-10 8.576295e-10 -1.38778e-16
0.0 1.1 0.15 1.803197e-10 -2.83457e-10 1.031411e-10 -4.02456e-15
0.05 1.1 0.15 1.502953e-10 -2.53437e-10 1.031411e-10 -1.11022e-16
0.1 1.1 0.15 1.247767e-10 -2.27918e-10 1.031411e-10 -1.11022e-16
0.15 1.1 0.15 1.031411e-10 -2.06282e-10 1.031411e-10 -1.11022e-16
0.2 1.1 0.15 8.484917e-11 -1.8799e-10 1.031411e-10 -1.11022e-16
0.25 1.1 0.15 6.943187e-11 -1.72573e-10 1.031411e-10 -1.11022e-16
0.3 1.1 0.15 5.648128e-11 -1.59623e-10 1.031411e-10 -1.11022e-16
0.35 1.1 0.15 4.564324e-11 -1.48784e-10 1.031411e-10 -1.11022e-16
0.4 1.1 0.15 3.661061e-11 -1.39752e-10 1.031411e-10 -1.11022e-16
0.45 1.1 0.15 2.911738e-11 -1.32258e-10 1.031411e-10 -1.11022e-16
0.5 1.1 0.15 2.293347e-11 -1.26075e-10 1.031411e-10 -1.11022e-16
0.55 1.1 0.15 1.786016e-11 -1.21001e-10 1.031411e-10 -1.11022e-16
0.6 1.1 0.15 1.372611e-11 -1.16867e-10 1.031411e-10 -1.11022e-16
0.65 1.1 0.15 1.038379e-11 -1.13525e-10 1.031411e-10 -1.11022e-16
0.7 1.1 0.15 7.706436e-12 -1.10848e-10 1.031411e-10 -1.11022e-16
0.75 1.1 0.15 5.585077e-12 -1.08727e-10 1.031414e-10 -1.11022e-16
0.8 1.1 0.15 3.924753e-12 -1.07069e-10 1.031439e-10 -1.11022e-16
0.85 1.1 0.15 2.631071e-12 -1.05795e-10 1.031636e-10 -1.11022e-16
0.9 1.1 0.15 1.521067e-12 -1.04837e-10 1.033157e-10 -1.11022e-16
0.95 1.1 0.15 -3.44024e-13 -1.04138e-10 1.044815e-10 -1.11022e-16
1.0 1.1 0.15 -9.68132e-12 -1.03648e-10 1.133294e-10 -5.55112e-17
1.05 1.1 0.15 -7.6331e-11 -1.03328e-10 1.796584e-10 -1.11022e-16
1.1 1.1 0.15 -5.647e-10 -1.03141e-10 6.678414e-10 -5.55112e-17
0.0 1.1 0.2 1.803197e-10 -2.65165e-10 8.484917e-11 -4.02456e-15
0.05 1.1 0.2 1.502953e-10 -2.35145e-10 8.484917e-11 -1.11022e-16
0.1 1.1 0.2 1.247767e-10 -2.09626e-10 8.484917e-11 -1.11022e-16
0.15 1.1 0.2 1.031411e-10 -1.8799e-10 8.484917e-11 -1.11022e-16
0.2 1.1 0.2 8.484917e-11 -1.69698e-10 8.484917e-11 -1.11022e-16
0.25 1.1 0.2 6.943187e-11 -1.54281e-10 8.484917e-11 -1.11022e-16
0.3 1.1 0.2 5.648128e-11 -1.41331e-10 8.484917e-11 -1.11022e-16
0.35 1.1 0.2 4.564324e-11 -1.30493e-10 8.484917e-11 -1.11022e-16
0.4 1.1 0.2 3.661061e-11 -1.2146e-10 8.484917e-11 -1.11022e-16
0.45 1.1 0.2 2.911738e-11 -1.13967e-10 8.484917e-11 -1.11022e-16
0.5 1.1 0.2 2.293347e-11 -1.07783e-10 8.484917e-11 -1.11022e-16
0.55 1.1 0.2 1.786016e-11 -1.02709e-10 8.484917e-11 -1.11022e-16
0.6 1.1 0.2 1.372611e-11 -9.85754e-11 8.484917e-11 -1.11022e-16
0.65 1.1 0.2 1.038379e-11 -9.52329e-11 8.484917e-11 -1.11022e-16
0.7 1.1 0.2 7.706446e-12 -9.25557e-11 8.484921e-11 -1.11022e-16
0.75 1.1 0.2 5.585156e-12 -9.04348e-11 8.484946e-11 -1.11022e-16
0.8 1.1 0.2 3.925377e-12 -8.87768e-11 8.485143e-11 -1.11022e-16
0.85 1.1 0.2 2.635937e-12 -8.75029e-11 8.486686e-11 -1.11022e-16
0.9 1.1 0.2 1.558803e-12 -8.65448e-11 8.498608e-11 -1.11022e-16
0.95 1.1 0.2 -5.30501e-14 -8.58458e-11 8.589864e-11 -1.11022e-16
1.0 1.1 0.2 -7.45189e-12 -8.53564e-11 9.280809e-11 -5.55112e-17
1.05 1.1 0.2 -5.94036e-11 -8.50355e-11 1.444392e-10 -1.11022e-16
1.1 1.1 0.2 -4.38269e-10 -8.48495e-11 5.231177e-10 -5.55112e-17
0.0 1.1 0.25 1.803197e-10 -2.49748e-10 6.943187e-11 -4.02456e-15
0.05 1.1 0.25 1.502953e-10 -2.19727e-10 6.943187e-11 -1.11022e-16
0.1 1.1 0.25 1.247767e-10 -1.94208e-10 6.943187e-11 -1.11022e-16
0.15 1.1 0.25 1.031411e-10 -1.72573e-10 6.943187e-11 -1.11022e-16
0.2 1.1 0.25 8.484917e-11 -1.54281e-10 6.943187e-11 -1.11022e-16
0.25 1.1 0.25 6.943187e-11 -1.38864e-10 6.943187e-11 -1.11022e-16
0.3 1.1 0.25 5.648128e-11 -1.25913e-10 6.943187e-11 -1.11022e-16
0.35 1.1 0.25 4.564324e-11 -1.15075e-10 6.943187e-11 -1.11022e-16
0.4 1.1 0.25 3.661061e-11 -1.06043e-10 6.943187e-11 -1.11022e-16
0.45 1.1 0.25 2.911738e-11 -9.85494e-11 6.943187e-11 -1.11022e-16
0.5 1.1 0.25 2.293347e-11 -9.23654e-11 6.943187e-11 -1.11022e-16
0.55 1.1 0.25 1.786016e-11 -8.72922e-11 6.943187e-11 -1.11022e-16
0.6 1.1 0.25 1.372611e-11 -8.31581e-11 6.943187e-11 -1.11022e-16
0.65 1.1 0.25 1.03838e-11 -7.98157e-11 6.943188e-11 -1.11022e-16
0.7 1.1 0.25 7.706454e-12 -7.71385e-11 6.94319e-11 -1.11022e-16
0.75 1.1 0.25 5.585218e-12 -7.50175e-11 6.94321e-11 -1.11022e-16
0.8 1.1 0.25 3.925866e-12 -7.33595e-11 6.943365e-11 -1.11022e-16
0.85 1.1 0.25 2.639741e-12 -7.20857e-11 6.944576e-11 -1.11022e-16
0.9 1.1 0.25 1.588213e-12 -7.11278e-11 6.953938e-11 -1.11022e-16
0.95 1.1 0.25 1.726434e-13 -7.04283e-11 7.025565e-11 -1.11022e-16
1.0 1.1 0.25 -5.73341e-12 -6.99392e-11 7.567231e-11 -5.55112e-17
1.05 1.1 0.25 -4.64497e-11 -6.96183e-11 1.16068e-10 -5.55112e-17
1.1 1.1 0.25 -3.4221e-10 -6.9432e-11 4.116422e-10 -1.38778e-16
0.0 1.1 0.3 1.803197e-10 -2.36797e-10 5.648128e-11 -4.02456e-15
0.05 1.1 0.3 1.502953e-10 -2.06776e-10 5.648128e-11 -1.11022e-16
0.1 1.1 0.3 1.247767e-10 -1.81258e-10 5.648128e-11 -1.11022e-16
0.15 1.1 0.3 1.031411e-10 -1.59623e-10 5.648128e-11 -1.11022e-16
0.2 1.1 0.3 8.484917e-11 -1.41331e-10 5.648128e-11 -1.11022e-16
0.25 1.1 0.3 6.943187e-11 -1.25913e-10 5.648128e-11 -1.11022e-16
0.3 1.1 0.3 5.648128e-11 -1.12963e-10 5.648128e-11 -1.11022e-16
0.35 1.1 0.3 4.564324e-11 -1.02125e-10 5.648128e-11 -1.11022e-16
0.4 1.1 0.3 3.661061e-11 -9.3092e-11 5.648128e-11 -1.11022e-16
0.45 1.1 0.3 2.911738e-11 -8.55986e-11 5.648128e-11 -1.11022e-16
0.5 1.1 0.3 2.293347e-11 -7.94149e-11 5.648128e-11 -1.11022e-16
0.55 1.1 0.3 1.786016e-11 -7.43416e-11 5.648128e-11 -1.11022e-16
0.6 1.1 0.3 1.372611e-11 -7.02076e-11 5.648128e-11 -1.11022e-16
0.65 1.1 0.3 1.03838e-11 -6.68652e-11 5.648128e-11 -1.11022e-16
0.7 1.1 0.3 7.70646e-12 -6.41878e-11 5.64813e-11 -1.11022e-16
0.75 1.1 0.3 5.585267e-12 -6.20668e-11 5.648146e-11 -1.11022e-16
0.8 1.1 0.3 3.926249e-12 -6.0409e-11 5.648267e-11 -1.11022e-16
0.85 1.1 0.3 2.642725e-12 -5.91351e-11 5.649218e-11 -1.11022e-16
0.9 1.1 0.3 1.611236e-12 -5.8177e-11 5.656576e-11 -1.11022e-16
0.95 1.1 0.3 3.487655e-13 -5.74778e-11 5.712894e-11 -1.11022e-16
1.0 1.1 0.3 -4.39854e-12 -5.69882e-11 6.138685e-11 -5.55112e-17
1.05 1.1 0.3 -3.6446e-11 -5.66678e-11 9.311374e-11 -5.55112e-17
1.1 1.1 0.3 -2.68495e-10 -5.64813e-11 3.249768e-10 -1.38778e-16
0.0 1.1 0.35 1.803197e-10 -2.25959e-10 4.564324e-11 -4.02456e-15
0.05 1.1 0.35 1.502953e-10 -1.95939e-10 4.564324e-11 -1.11022e-16
0.1 1.1 0.35 1.247767e-10 -1.7042e-10 4.564324e-11 -1.11022e-16
0.15 1.1 0.35 1.031411e-10 -1.48784e-10 4.564324e-11 -1.11022e-16
0.2 1.1 0.35 8.484917e-11 -1.30493e-10 4.564324e-11 -1.11022e-16
0.25 1.1 0.35 6.943187e-11 -1.15075e-10 4.564324e-11 -1.11022e-16
0.3 1.1 0.35 5.648128e-11 -1.02125e-10 4.564324e-11 -1.11022e-16
0.35 1.1 0.35 4.564324e-11 -9.12868e-11 4.564324e-11 -1.11022e-16
0.4 1.1 0.35 3.661061e-11 -8.2254e-11 4.564324e-11 -1.11022e-16
0.45 1.1 0.35 2.911738e-11 -7.47604e-11 4.564324e-11 -1.11022e-16
0.5 1.1 0.35 2.293347e-11 -6.85767e-11 4.564324e-11 -1.11022e-16
0.55 1.1 0.35 1.786016e-11 -6.35036e-11 4.564324e-11 -1.11022e-16
0.6 1.1 0.35 1.372611e-11 -5.93694e-11 4.564324e-11 -1.11022e-16
0.65 1.1 0.35 1.03838e-11 -5.6027e-11 4.564324e-11 -1.11022e-16
0.7 1.1 0.35 7.706465e-12 -5.33498e-11 4.564326e-11 -1.11022e-16
0.75 1.1 0.35 5.585305e-12 -5.12286e-11 4.564338e-11 -1.11022e-16
0.8 1.1 0.35 3.92655e-12 -4.9571e-11 4.564433e-11 -1.11022e-16
0.85 1.1 0.35 2.645068e-12 -4.82969e-11 4.56518e-11 -1.11022e-16
0.9 1.1 0.35 1.62931e-12 -4.7339e-11 4.570965e-11 -1.11022e-16
0.95 1.1 0.35 4.868104e-13 -4.66398e-11 4.615285e-11 -1.11022e-16
1.0 1.1 0.35 -3.35533e-12 -4.61502e-11 4.95056e-11 -5.55112e-17
1.05 1.1 0.35 -2.8661e-11 -4.58298e-11 7.449063e-11 -5.55112e-17
1.1 1.1 0.35 -2.11414e-10 -4.56433e-11 2.570574e-10 -1.38778e-16
0.0 1.1 0.4 1.803197e-10 -2.16926e-10 3.661061e-11 -4.02456e-15
0.05 1.1 0.4 1.502953e-10 -1.86906e-10 3.661061e-11 -1.11022e-16
0.1 1.1 0.4 1.247767e-10 -1.61388e-10 3.661061e-11 -1.11022e-16
0.15 1.1 0.4 1.031411e-10 -1.39752e-10 3.661061e-11 -1.11022e-16
0.2 1.1 0.4 8.484917e-11 -1.2146e-10 3.661061e-11 -1.11022e-16
0.25 1.1 0.4 6.943187e-11 -1.06043e-10 3.661061e-11 -1.11022e-16
0.3 1.1 0.4 5.648128e-11 -9.3092e-11 3.661061e-11 -1.11022e-16
0.35 1.1 0.4 4.564324e-11 -8.2254e-11 3.661061e-11 -1.11022e-16
0.4 1.1 0.4 3.661061e-11 -7.32214e-11 3.661061e-11 -1.11022e-16
0.45 1.1 0.4 2.911738e-11 -6.57279e-11 3.661061e-11 -1.11022e-16
0.5 1.1 0.4 2.293347e-11 -5.95441e-11 3.661061e-11 -1.11022e-16
0.55 1.1 0.4 1.786016e-11 -5.44709e-11 3.661061e-11 -1.11022e-16
0.6 1.1 0.4 1.372611e-11 -5.03368e-11 3.661061e-11 -1.11022e-16
0.65 1.1 0.4 1.03838e-11 -4.69946e-11 3.661062e-11 -1.11022e-16
0.7 1.1 0.4 7.706468e-12 -4.43172e-11 3.661063e-11 -1.11022e-16
0.75 1.1 0.4 5.585336e-12 -4.2196e-11 3.661072e-11 -1.11022e-16
0.8 1.1 0.4 3.926786e-12 -4.05385e-11 3.661147e-11 -1.11022e-16
0.85 1.1 0.4 2.64691e-12 -3.92644e-11 3.661733e-11 -1.11022e-16
0.9 1.1 0.4 1.643524e-12 -3.83062e-11 3.666281e-11 -1.11022e-16
0.95 1.1 0.4 5.95325e-13 -3.7607e-11 3.701171e-11 -1.11022e-16
1.0 1.1 0.4 -2.53646e-12 -3.71176e-11 3.96541e-11 -5.55112e-17
1.05 1.1 0.4 -2.25657e-11 -3.67972e-11 5.936276e-11 -5.55112e-17
1.1 1.1 0.4 -1.66875e-10 -3.66107e-11 2.034858e-10 -1.38778e-16
0.0 1.1 0.45 1.803197e-10 -2.09433e-10 2.911738e-11 -4.02456e-15
0.05 1.1 0.45 1.502953e-10 -1.79413e-10 2.911738e-11 -1.11022e-16
0.1 1.1 0.45 1.247767e-10 -1.53894e-10 2.911738e-11 -1.11022e-16
0.15 1.1 0.45 1.031411e-10 -1.32258e-10 2.911738e-11 -1.11022e-16
0.2 1.1 0.45 8.484917e-11 -1.13967e-10 2.911738e-11 -1.11022e-16
0.25 1.1 0.45 6.943187e-11 -9.85494e-11 2.911738e-11 -1.11022e-16
0.3 1.1 0.45 5.648128e-11 -8.55986e-11 2.911738e-11 -1.11022e-16
0.35 1.1 0.45 4.564324e-11 -7.47604e-11 2.911738e-11 -1.11022e-16
0.4 1.1 0.45 3.661061e-11 -6.57279e-11 2.911738e-11 -1.11022e-16
0.45 1.1 0.45 2.911738e-11 -5.82348e-11 2.911738e-11 -1.11022e-16
0.5 1.1 0.45 2.293347e-11 -5.20508e-11 2.911738e-11 -1.11022e-16
0.55 1.1 0.45 1.786016e-11 -4.69778e-11 2.911738e-11 -1.11022e-16
0.6 1.1 0.45 1.372611e-11 -4.28437e-11 2.911738e-11 -1.11022e-16
0.65 1.1 0.45 1.03838e-11 -3.95013e-11 2.911739e-11 -1.11022e-16
0.7 1.1 0.45 7.706471e-12 -3.68241e-11 2.91174e-11 -1.11022e-16
0.75 1.1 0.45 5.585359e-12 -3.47027e-11 2.911747e-11 -1.11022e-16
0.8 1.1 0.45 3.926972e-12 -3.30453e-11 2.911805e-11 -1.11022e-16
0.85 1.1 0.45 2.648359e-12 -3.1771e-11 2.912265e-11 -1.11022e-16
0.9 1.1 0.45 1.654711e-12 -3.08131e-11 2.915839e-11 -1.11022e-16
0.95 1.1 0.45 6.807724e-13 -3.01141e-11 2.943303e-11 -1.11022e-16
1.0 1.1 0.45 -1.89181e-12 -2.96245e-11 3.151623e-11 -5.55112e-17
1.05 1.1 0.45 -1.77725e-11 -2.93041e-11 4.707633e-11 -5.55112e-17
1.1 1.1 0.45 -1.31914e-10 -2.91176e-11 1.610314e-10 -1.38778e-16
0.0 1.1 0.5 1.803197e-10 -2.03249e-10 2.293347e-11 -4.02456e-15
0.05 1.1 0.5 1.502953e-10 -1.73229e-10 2.293347e-11 -1.11022e-16
0.1 1.1 0.5 1.247767e-10 -1.4771e-10 2.293347e-11 -1.11022e-16
0.15 1.1 0.5 1.031411e-10 -1.26075e-10 2.293347e-11 -1.11022e-16
0.2 1.1 0.5 8.484917e-11 -1.07783e-10 2.293347e-11 -1.11022e-16
0.25 1.1 0.5 6.943187e-11 -9.23654e-11 2.293347e-11 -1.11022e-16
0.3 1.1 0.5 5.648128e-11 -7.94149e-11 2.293347e-11 -1.11022e-16
0.35 1.1 0.5 4.564324e-11 -6.85767e-11 2.293347e-11 -1.11022e-16
0.4 1.1 0.5 3.661061e-11 -5.95441e-11 2.293347e-11 -1.11022e-16
0.45 1.1 0.5 2.911738e-11 -5.20508e-11 2.293347e-11 -1.11022e-16
0.5 1.1 0.5 2.293347e-11 -4.58671e-11 2.293347e-11 -1.11022e-16
0.55 1.1 0.5 1.786016e-11 -4.0794e-11 2.293347e-11 -1.11022e-16
0.6 1.1 0.5 1.372611e-11 -3.66598e-11 2.293347e-11 -1.11022e-16
0.65 1.1 0.5 1.03838e-11 -3.33173e-11 2.293347e-11 -1.11022e-16
0.7 1.1 0.5 7.706474e-12 -3.06399e-11 2.293348e-11 -1.11022e-16
0.75 1.1 0.5 5.585378e-12 -2.8519e-11 2.293354e-11 -1.11022e-16
0.8 1.1 0.5 3.927118e-12 -2.6861e-11 2.293399e-11 -1.11022e-16
0.85 1.1 0.5 2.649499e-12 -2.55871e-11 2.29376e-11 -1.11022e-16
0.9 1.1 0.5 1.663521e-12 -2.46294e-11 2.296567e-11 -1.11022e-16
0.95 1.1 0.5 7.48115e-13 -2.393e-11 2.318178e-11 -1.11022e-16
1.0 1.1 0.5 -1.38345e-12 -2.34404e-11 2.482396e-11 -5.55112e-17
1.05 1.1 0.5 -1.39923e-11 -2.31197e-11 3.711223e-11 -5.55112e-17
1.1 1.1 0.5 -1.04352e-10 -2.29334e-11 1.272858e-10 -1.38778e-16
0.0 1.1 0.55 1.803197e-10 -1.98176e-10 1.786016e-11 -4.02456e-15
0.05 1.1 0.55 1.502953e-10 -1.68156e-10 1.786016e-11 -1.11022e-16
0.1 1.1 0.55 1.247767e-10 -1.42637e-10 1.786016e-11 -1.11022e-16
0.15 1.1 0.55 1.031411e-10 -1.21001e-10 1.786016e-11 -1.11022e-16
0.2 1.1 0.55 8.484917e-11 -1.02709e-10 1.786016e-11 -1.11022e-16
0.25 1.1 0.55 6.943187e-11 -8.72922e-11 1.786016e-11 -1.11022e-16
0.3 1.1 0.55 5.648128e-11 -7.43416e-11 1.786016e-11 -1.11022e-16
0.35 1.1 0.55 4.564324e-11 -6.35036e-11 1.786016e-11 -1.11022e-16
0.4 1.1 0.55 3.661061e-11 -5.44709e-11 1.786016e-11 -1.11022e-16
0.45 1.1 0.55 2.911738e-11 -4.69778e-11 1.786016e-11 -1.11022e-16
0.5 1.1 0.55 2.293347e-11 -4.0794e-11 1.786016e-11 -1.11022e-16
0.55 1.1 0.55 1.786016e-11 -3.57203e-11 1.786016e-11 -1.11022e-16
0.6 1.1 0.55 1.372611e-11 -3.15863e-11 1.786016e-11 -1.11022e-16
0.65 1.1 0.55 1.03838e-11 -2.82441e-11 1.786016e-11 -1.11022e-16
0.7 1.1 0.55 7.706476e-12 -2.55667e-11 1.786017e-11 -1.11022e-16
0.75 1.1 0.55 5.585392e-12 -2.34457e-11 1.786021e-11 -1.11022e-16
0.8 1.1 0.55 3.927233e-12 -2.17879e-11 1.786057e-11 -1.11022e-16
0.85 1.1 0.55 2.650396e-12 -2.05138e-11 1.786339e-11 -1.11022e-16
0.9 1.1 0.55 1.670459e-12 -1.95561e-11 1.788542e-11 -1.11022e-16
0.95 1.1 0.55 8.012107e-13 -1.88569e-11 1.805537e-11 -1.11022e-16
1.0 1.1 0.55 -9.82218e-13 -1.83673e-11 1.934941e-11 -5.55112e-17
1.05 1.1 0.55 -1.1006e-11 -1.80467e-11 2.905263e-11 -5.55112e-17
1.1 1.1 0.55 -8.25627e-11 -1.78604e-11 1.004229e-10 -1.38778e-16
0.0 1.1 0.6 1.803197e-10 -1.94042e-10 1.372611e-11 -4.02456e-15
0.05 1.1 0.6 1.502953e-10 -1.64021e-10 1.372611e-11 -1.11022e-16
0.1 1.1 0.6 1.247767e-10 -1.38503e-10 1.372611e-11 -1.11022e-16
0.15 1.1 0.6 1.031411e-10 -1.16867e-10 1.372611e-11 -1.11022e-16
0.2 1.1 0.6 8.484917e-11 -9.85754e-11 1.372611e-11 -1.11022e-16
0.25 1.1 0.6 6.943187e-11 -8.31581e-11 1.372611e-11 -1.11022e-16
0.3 1.1 0.6 5.648128e-11 -7.02076e-11 1.372611e-11 -1.11022e-16
0.35 1.1 0.6 4.564324e-11 -5.93694e-11 1.372611e-11 -1.11022e-16
0.4 1.1 0.6 3.661061e-11 -5.03368e-11 1.372611e-11 -1.11022e-16
0.45 1.1 0.6 2.911738e-11 -4.28437e-11 1.372611e-11 -1.11022e-16
0.5 1.1 0.6 2.293347e-11 -3.66598e-11 1.372611e-11 -1.11022e-16
0.55 1.1 0.6 1.786016e-11 -3.15863e-11 1.372611e-11 -1.11022e-16
0.6 1.1 0.6 1.372611e-11 -2.74523e-11 1.372611e-11 -1.11022e-16
0.65 1.1 0.6 1.03838e-11 -2.411e-11 1.372611e-11 -1.11022e-16
0.7 1.1 0.6 7.706477e-12 -2.14326e-11 1.372611e-11 -1.11022e-16
0.75 1.1 0.6 5.585404e-12 -1.93117e-11 1.372615e-11 -1.11022e-16
0.8 1.1 0.6 3.927324e-12 -1.76537e-11 1.372643e-11 -1.11022e-16
0.85 1.1 0.6 2.651102e-12 -1.638e-11 1.372863e-11 -1.11022e-16
0.9 1.1 0.6 1.675926e-12 -1.54221e-11 1.37459e-11 -1.11022e-16
0.95 1.1 0.6 8.430846e-13 -1.47227e-11 1.387944e-11 -1.11022e-16
1.0 1.1 0.6 -6.65409e-13 -1.42333e-11 1.489855e-11 -5.55112e-17
1.05 1.1 0.6 -8.64492e-12 -1.39124e-11 2.255746e-11 -5.55112e-17
1.1 1.1 0.6 -6.53086e-11 -1.37261e-11 7.90347e-11 -1.11022e-16
0.0 1.1 0.65 1.803197e-10 -1.90699e-10 1.038379e-11 -4.02456e-15
0.05 1.1 0.65 1.502954e-10 -1.60679e-10 1.038379e-11 -1.11022e-16
0.1 1.1 0.65 1.247767e-10 -1.35161e-10 1.038379e-11 -1.11022e-16
0.15 1.1 0.65 1.031411e-10 -1.13525e-10 1.038379e-11 -1.11022e-16
0.2 1.1 0.65 8.484917e-11 -9.52329e-11 1.038379e-11 -1.11022e-16
0.25 1.1 0.65 6.943188e-11 -7.98157e-11 1.03838e-11 -1.11022e-16
0.3 1.1 0.65 5.648128e-11 -6.68652e-11 1.03838e-11 -1.11022e-16
0.35 1.1 0.65 4.564324e-11 -5.6027e-11 1.03838e-11 -1.11022e-16
0.4 1.1 0.65 3.661062e-11 -4.69946e-11 1.03838e-11 -1.11022e-16
0.45 1.1 0.65 2.911739e-11 -3.95013e-11 1.03838e-11 -1.11022e-16
0.5 1.1 0.65 2.293347e-11 -3.33173e-11 1.03838e-11 -1.11022e-16
0.55 1.1 0.65 1.786016e-11 -2.82441e-11 1.03838e-11 -1.11022e-16
0.6 1.1 0.65 1.372611e-11 -2.411e-11 1.03838e-11 -1.11022e-16
0.65 1.1 0.65 1.03838e-11 -2.07676e-11 1.03838e-11 -1.11022e-16
0.7 1.1 0.65 7.706479e-12 -1.80904e-11 1.03838e-11 -1.11022e-16
0.75 1.1 0.65 5.585413e-12 -1.59694e-11 1.038383e-11 -1.11022e-16
0.8 1.1 0.65 3.927396e-12 -1.43117e-11 1.038404e-11 -1.11022e-16
0.85 1.1 0.65 2.65166e-12 -1.30373e-11 1.038576e-11 -1.11022e-16
0.9 1.1 0.65 1.680238e-12 -1.20794e-11 1.039928e-11 -1.11022e-16
0.95 1.1 0.65 8.761219e-13 -1.13805e-11 1.05041e-11 -1.11022e-16
1.0 1.1 0.65 -4.15195e-13 -1.08908e-11 1.130603e-11 -5.55112e-17
1.05 1.1 0.65 -6.77739e-12 -1.05704e-11 1.734762e-11 -5.55112e-17
1.1 1.1 0.65 -5.16353e-11 -1.03839e-11 6.201914e-11 -1.11022e-16
0.0 1.1 0.7 1.803198e-10 -1.88022e-10 7.706385e-12 -4.02456e-15
0.05 1.1 0.7 1.502954e-10 -1.58002e-10 7.706406e-12 -1.11022e-16
0.1 1.1 0.7 1.247768e-10 -1.32483e-10 7.706423e-12 -1.11022e-16
0.15 1.1 0.7 1.031411e-10 -1.10848e-10 7.706436e-12 -1.11022e-16
0.2 1.1 0.7 8.484921e-11 -9.25557e-11 7.706446e-12 -1.11022e-16
0.25 1.1 0.7 6.94319e-11 -7.71385e-11 7.706454e-12 -1.11022e-16
0.3 1.1 0.7 5.64813e-11 -6.41878e-11 7.70646e-12 -1.11022e-16
0.35 1.1 0.7 4.564326e-11 -5.33498e-11 7.706465e-12 -1.11022e-16
0.4 1.1 0.7 3.661063e-11 -4.43172e-11 7.706468e-12 -1.11022e-16
0.45 1.1 0.7 2.91174e-11 -3.68241e-11 7.706471e-12 -1.11022e-16
0.5 1.1 0.7 2.293348e-11 -3.06399e-11 7.706474e-12 -1.11022e-16
0.55 1.1 0.7 1.786017e-11 -2.55667e-11 7.706476e-12 -1.11022e-16
0.6 1.1 0.7 1.372611e-11 -2.14326e-11 7.706477e-12 -1.11022e-16
0.65 1.1 0.7 1.03838e-11 -1.80904e-11 7.706479e-12 -1.11022e-16
0.7 1.1 0.7 7.706482e-12 -1.54128e-11 7.706482e-12 -1.11022e-16
0.75 1.1 0.7 5.585423e-12 -1.3292e-11 7.706502e-12 -1.11022e-16
0.8 1.1 0.7 3.927455e-12 -1.16342e-11 7.706669e-12 -1.11022e-16
0.85 1.1 0.7 2.652104e-12 -1.03599e-11 7.708004e-12 -1.11022e-16
0.9 1.1 0.7 1.683646e-12 -9.40248e-12 7.718553e-12 -1.11022e-16
0.95 1.1 0.7 9.022114e-13 -8.70304e-12 7.800691e-12 -1.11022e-16
1.0 1.1 0.7 -2.17498e-13 -8.21365e-12 8.431013e-12 -5.55112e-17
1.05 1.1 0.7 -5.29992e-12 -7.89302e-12 1.319283e-11 -5.55112e-17
1.1 1.1 0.7 -4.07964e-11 -7.7065e-12 4.850288e-11 -1.11022e-16
0.0 1.1 0.75 1.803204e-10 -1.85901e-10 5.584678e-12 -4.02456e-15
0.05 1.1 0.75 1.502959e-10 -1.55881e-10 5.584845e-12 -1.11022e-16
0.1 1.1 0.75 1.247772e-10 -1.30362e-10 5.584975e-12 -1.11022e-16
0.15 1.1 0.75 1.031414e-10 -1.08727e-10 5.585077e-12 -1.11022e-16
0.2 1.1 0.75 8.484946e-11 -9.04348e-11 5.585156e-12 -1.11022e-16
0.25 1.1 0.75 6.94321e-11 -7.50175e-11 5.585218e-12 -1.11022e-16
0.3 1.1 0.75 5.648146e-11 -6.20668e-11 5.585267e-12 -1.11022e-16
0.35 1.1 0.75 4.564338e-11 -5.12286e-11 5.585305e-12 -1.11022e-16
0.4 1.1 0.75 3.661072e-11 -4.2196e-11 5.585336e-12 -1.11022e-16
0.45 1.1 0.75 2.911747e-11 -3.47027e-11 5.585359e-12 -1.11022e-16
0.5 1.1 0.75 2.293354e-11 -2.8519e-11 5.585378e-12 -1.11022e-16
0.55 1.1 0.75 1.786021e-11 -2.34457e-11 5.585392e-12 -1.11022e-16
0.6 1.1 0.75 1.372615e-11 -1.93117e-11 5.585404e-12 -1.11022e-16
0.65 1.1 0.75 1.038383e-11 -1.59694e-11 5.585413e-12 -1.11022e-16
0.7 1.1 0.75 7.706502e-12 -1.3292e-11 5.585423e-12 -1.11022e-16
0.75 1.1 0.75 5.585443e-12 -1.11708e-11 5.585443e-12 -1.11022e-16
0.8 1.1 0.75 3.927513e-12 -9.51328e-12 5.585572e-12 -1.11022e-16
0.85 1.1 0.75 2.652466e-12 -8.23919e-12 5.586603e-12 -1.11022e-16
0.9 1.1 0.75 1.686359e-12 -7.28106e-12 5.594801e-12 -1.11022e-16
0.95 1.1 0.75 9.228625e-13 -6.58185e-12 5.659001e-12 -1.11022e-16
1.0 1.1 0.75 -6.11507e-14 -6.09224e-12 6.153627e-12 -5.55112e-17
1.05 1.1 0.75 -4.13059e-12 -5.77205e-12 9.902462e-12 -5.55112e-17
1.1 1.1 0.75 -3.22027e-11 -5.58531e-12 3.778817e-11 -1.11022e-16
0.0 1.1 0.8 1.803257e-10 -1.84243e-10 3.9216e-12 -4.02456e-15
0.05 1.1 0.8 1.503001e-10 -1.54223e-10 3.922928e-12 -1.11022e-16
0.1 1.1 0.8 1.247804e-10 -1.28704e-10 3.923955e-12 -1.11022e-16
0.15 1.1 0.8 1.031439e-10 -1.07069e-10 3.924753e-12 -1.11022e-16
0.2 1.1 0.8 8.485143e-11 -8.87768e-11 3.925377e-12 -1.11022e-16
0.25 1.1 0.8 6.943365e-11 -7.33595e-11 3.925866e-12 -1.11022e-16
0.3 1.1 0.8 5.648267e-11 -6.0409e-11 3.926249e-12 -1.11022e-16
0.35 1.1 0.8 4.564433e-11 -4.9571e-11 3.92655e-12 -1.11022e-16
0.4 1.1 0.8 3.661147e-11 -4.05385e-11 3.926786e-12 -1.11022e-16
0.45 1.1 0.8 2.911805e-11 -3.30453e-11 3.926972e-12 -1.11022e-16
0.5 1.1 0.8 2.293399e-11 -2.6861e-11 3.927118e-12 -1.11022e-16
0.55 1.1 0.8 1.786057e-11 -2.17879e-11 3.927233e-12 -1.11022e-16
0.6 1.1 0.8 1.372643e-11 -1.76537e-11 3.927324e-12 -1.11022e-16
0.65 1.1 0.8 1.038404e-11 -1.43117e-11 3.927396e-12 -1.11022e-16
0.7 1.1 0.8 7.706669e-12 -1.16342e-11 3.927455e-12 -1.11022e-16
0.75 1.1 0.8 5.585572e-12 -9.51328e-12 3.927513e-12 -1.11022e-16
0.8 1.1 0.8 3.927642e-12 -7.85549e-12 3.927642e-12 -1.11022e-16
0.85 1.1 0.8 2.652826e-12 -6.58118e-12 3.928441e-12 -1.11022e-16
0.9 1.1 0.8 1.688579e-12 -5.6235e-12 3.934779e-12 -1.11022e-16
0.95 1.1 0.8 9.393221e-13 -4.92406e-12 3.98474e-12 -1.11022e-16
1.0 1.1 0.8 6.278766e-14 -4.43512e-12 4.371887e-12 -5.55112e-17
1.05 1.1 0.8 -3.20428e-12 -4.11426e-12 7.318349e-12 -5.55112e-17
1.1 1.1 0.8 -2.53869e-11 -3.92775e-12 2.931459e-11 -1.11022e-16
0.0 1.1 0.85 1.803671e-10 -1.8297e-10 2.606225e-12 -4.02456e-15
0.05 1.1 0.85 1.503322e-10 -1.52949e-10 2.616743e-12 -1.11022e-16
0.1 1.1 0.85 1.248055e-10 -1.27431e-10 2.624821e-12 -1.11022e-16
0.15 1.1 0.85 1.031636e-10 -1.05795e-10 2.631071e-12 -1.11022e-16
0.2 1.1 0.85 8.486686e-11 -8.75029e-11 2.635937e-12 -1.11022e-16
0.25 1.1 0.85 6.944576e-11 -7.20857e-11 2.639741e-12 -1.11022e-16
0.3 1.1 0.85 5.649218e-11 -5.91351e-11 2.642725e-12 -1.11022e-16
0.35 1.1 0.85 4.56518e-11 -4.82969e-11 2.645068e-12 -1.11022e-16
0.4 1.1 0.85 3.661733e-11 -3.92644e-11 2.64691e-12 -1.11022e-16
0.45 1.1 0.85 2.912265e-11 -3.1771e-11 2.648359e-12 -1.11022e-16
0.5 1.1 0.85 2.29376e-11 -2.55871e-11 2.649499e-12 -1.11022e-16
0.55 1.1 0.85 1.786339e-11 -2.05138e-11 2.650396e-12 -1.11022e-16
0.6 1.1 0.85 1.372863e-11 -1.638e-11 2.651102e-12 -1.11022e-16
0.65 1.1 0.85 1.038576e-11 -1.30373e-11 2.65166e-12 -1.11022e-16
0.7 1.1 0.85 7.708004e-12 -1.03599e-11 2.652104e-12 -1.11022e-16
0.75 1.1 0.85 5.586603e-12 -8.23919e-12 2.652466e-12 -1.11022e-16
0.8 1.1 0.85 3.928441e-12 -6.58118e-12 2.652826e-12 -1.11022e-16
0.85 1.1 0.85 2.653626e-12 -5.30731e-12 2.653626e-12 -1.11022e-16
0.9 1.1 0.85 1.690788e-12 -4.34941e-12 2.658554e-12 -1.11022e-16
0.95 1.1 0.85 9.528128e-13 -3.64997e-12 2.697233e-12 -1.11022e-16
1.0 1.1 0.85 1.617191e-13 -3.1608e-12 2.99894e-12 -5.55112e-17
1.05 1.1 0.85 -2.46875e-12 -2.83995e-12 5.308805e-12 -5.55112e-17
1.1 1.1 0.85 -1.99765e-11 -2.65366e-12 2.263011e-11 -1.11022e-16
0.0 1.1 0.9 1.806896e-10 -1.82012e-10 1.325818e-12 -4.02456e-15
0.05 1.1 0.9 1.505821e-10 -1.51991e-10 1.408994e-12 -1.11022e-16
0.1 1.1 0.9 1.250001e-10 -1.26473e-10 1.472357e-12 -1.11022e-16
0.15 1.1 0.9 1.033157e-10 -1.04837e-10 1.521067e-12 -1.11022e-16
0.2 1.1 0.9 8.498608e-11 -8.65448e-11 1.558803e-12 -1.11022e-16
0.25 1.1 0.9 6.953938e-11 -7.11278e-11 1.588213e-12 -1.11022e-16
0.3 1.1 0.9 5.656576e-11 -5.8177e-11 1.611236e-12 -1.11022e-16
0.35 1.1 0.9 4.570965e-11 -4.7339e-11 1.62931e-12 -1.11022e-16
0.4 1.1 0.9 3.666281e-11 -3.83062e-11 1.643524e-12 -1.11022e-16
0.45 1.1 0.9 2.915839e-11 -3.08131e-11 1.654711e-12 -1.11022e-16
0.5 1.1 0.9 2.296567e-11 -2.46294e-11 1.663521e-12 -1.11022e-16
0.55 1.1 0.9 1.788542e-11 -1.95561e-11 1.670459e-12 -1.11022e-16
0.6 1.1 0.9 1.37459e-11 -1.54221e-11 1.675926e-12 -1.11022e-16
0.65 1.1 0.9 1.039928e-11 -1.20794e-11 1.680238e-12 -1.11022e-16
0.7 1.1 0.9 7.718553e-12 -9.40248e-12 1.683646e-12 -1.11022e-16
0.75 1.1 0.9 5.594801e-12 -7.28106e-12 1.686359e-12 -1.11022e-16
0.8 1.1 0.9 3.934779e-12 -5.6235e-12 1.688579e-12 -1.11022e-16
0.85 1.1 0.9 2.658554e-12 -4.34941e-12 1.690788e-12 -1.11022e-16
0.9 1.1 0.9 1.695717e-12 -3.39173e-12 1.695717e-12 -1.11022e-16
0.95 1.1 0.9 9.662547e-13 -2.69229e-12 1.725882e-12 -1.11022e-16
1.0 1.1 0.9 2.429355e-13 -2.2029e-12 1.959815e-12 -5.55112e-17
1.05 1.1 0.9 -1.88062e-12 -1.88227e-12 3.762767e-12 -5.55112e-17
1.1 1.1 0.9 -1.56715e-11 -1.69575e-12 1.736722e-11 -1.11022e-16
0.0 1.1 0.95 1.831902e-10 -1.81312e-10 -1.87416e-12 -4.02456e-15
0.05 1.1 0.95 1.525095e-10 -1.51292e-10 -1.2177e-12 -1.11022e-16
0.1 1.1 0.95 1.264952e-10 -1.25773e-10 -7.2206e-13 -1.11022e-16
0.15 1.1 0.95 1.044815e-10 -1.04138e-10 -3.44024e-13 -1.11022e-16
0.2 1.1 0.95 8.589864e-11 -8.58458e-11 -5.30501e-14 -1.11022e-16
0.25 1.1 0.95 7.025565e-11 -7.04283e-11 1.726434e-13 -1.11022e-16
0.3 1.1 0.95 5.712894e-11 -5.74778e-11 3.487655e-13 -1.11022e-16
0.35 1.1 0.95 4.615285e-11 -4.66398e-11 4.868104e-13 -1.11022e-16
0.4 1.1 0.95 3.701171e-11 -3.7607e-11 5.95325e-13 -1.11022e-16
0.45 1.1 0.95 2.943303e-11 -3.01141e-11 6.807724e-13 -1.11022e-16
0.5 1.1 0.95 2.318178e-11 -2.393e-11 7.48115e-13 -1.11022e-16
0.55 1.1 0.95 1.805537e-11 -1.88569e-11 8.012107e-13 -1.11022e-16
0.6 1.1 0.95 1.387944e-11 -1.47227e-11 8.430846e-13 -1.11022e-16
0.65 1.1 0.95 1.05041e-11 -1.13805e-11 8.761219e-13 -1.11022e-16
0.7 1.1 0.95 7.800691e-12 -8.70304e-12 9.022114e-13 -1.11022e-16
0.75 1.1 0.95 5.659001e-12 -6.58185e-12 9.228625e-13 -1.11022e-16
0.8 1.1 0.95 3.98474e-12 -4.92406e-12 9.393221e-13 -1.11022e-16
0.85 1.1 0.95 2.697233e-12 -3.64997e-12 9.528128e-13 -1.11022e-16
0.9 1.1 0.95 1.725882e-12 -2.69229e-12 9.662547e-13 -1.11022e-16
0.95 1.1 0.95 9.964202e-13 -1.99307e-12 9.964202e-13 -1.11022e-16
1.0 1.1 0.95 3.239924e-13 -1.50346e-12 1.179461e-12 -5.55112e-17
1.05 1.1 0.95 -1.39693e-12 -1.18283e-12 2.57978e-12 -5.55112e-17
1.1 1.1 0.95 -1.22221e-11 -9.96536e-13 1.321852e-11 -1.11022e-16
0.0 1.1 1.0 2.024467e-10 -1.80823e-10 -2.162e-11 -3.9968e-15
0.05 1.1 1.0 1.672628e-10 -1.50802e-10 -1.64604e-11 -1.11022e-16
0.1 1.1 1.0 1.378839e-10 -1.25284e-10 -1.26001e-11 -1.11022e-16
0.15 1.1 1.0 1.133294e-10 -1.03648e-10 -9.68132e-12 -1.11022e-16
0.2 1.1 1.0 9.280809e-11 -8.53564e-11 -7.45189e-12 -1.11022e-16
0.25 1.1 1.0 7.567231e-11 -6.99392e-11 -5.73341e-12 -1.11022e-16
0.3 1.1 1.0 6.138685e-11 -5.69882e-11 -4.39854e-12 -1.11022e-16
0.35 1.1 1.0 4.95056e-11 -4.61502e-11 -3.35533e-12 -1.11022e-16
0.4 1.1 1.0 3.96541e-11 -3.71176e-11 -2.53646e-12 -1.11022e-16
0.45 1.1 1.0 3.151623e-11 -2.96245e-11 -1.89181e-12 -1.11022e-16
0.5 1.1 1.0 2.482396e-11 -2.34404e-11 -1.38345e-12 -1.11022e-16
0.55 1.1 1.0 1.934941e-11 -1.83673e-11 -9.82218e-13 -1.11022e-16
0.6 1.1 1.0 1.489855e-11 -1.42333e-11 -6.65409e-13 -1.11022e-16
0.65 1.1 1.0 1.130603e-11 -1.08908e-11 -4.15195e-13 -1.11022e-16
0.7 1.1 1.0 8.431013e-12 -8.21365e-12 -2.17498e-13 -1.11022e-16
0.75 1.1 1.0 6.153627e-12 -6.09224e-12 -6.11507e-14 -1.11022e-16
0.8 1.1 1.0 4.371887e-12 -4.43512e-12 6.278766e-14 -1.11022e-16
0.85 1.1 1.0 2.99894e-12 -3.1608e-12 1.617191e-13 -1.11022e-16
0.9 1.1 1.0 1.959815e-12 -2.2029e-12 2.429355e-13 -1.11022e-16
0.95 1.1 1.0 1.179461e-12 -1.50346e-12 3.239924e-13 -1.11022e-16
1.0 1.1 1.0 5.070332e-13 -1.01408e-12 5.070332e-13 -5.55112e-17
1.05 1.1 1.0 -9.13247e-13 -6.93889e-13 1.606712e-12 -5.55112e-17
1.1 1.1 1.0 -9.37904e-12 -5.0715e-13 9.886072e-12 -1.11022e-16
0.0 1.1 1.05 3.491632e-10 -1.80502e-10 -1.68657e-10 -3.91354e-15
0.05 1.1 1.05 2.789633e-10 -1.50482e-10 -1.28482e-10 -5.55112e-17
0.1 1.1 1.05 2.236382e-10 -1.24963e-10 -9.8675e-11 -5.55112e-17
0.15 1.1 1.05 1.796584e-10 -1.03328e-10 -7.6331e-11 -1.11022e-16
0.2 1.1 1.05 1.444392e-10 -8.50355e-11 -5.94036e-11 -1.11022e-16
0.25 1.1 1.05 1.16068e-10 -6.96183e-11 -4.64497e-11 -1.11022e-16
0.3 1.1 1.05 9.311374e-11 -5.66678e-11 -3.6446e-11 -1.11022e-16
0.35 1.1 1.05 7.449063e-11 -4.58298e-11 -2.8661e-11 -1.11022e-16
0.4 1.1 1.05 5.936276e-11 -3.67972e-11 -2.25657e-11 -1.11022e-16
0.45 1.1 1.05 4.707633e-11 -2.93041e-11 -1.77725e-11 -1.11022e-16
0.5 1.1 1.05 3.711223e-11 -2.31197e-11 -1.39923e-11 -1.11022e-16
0.55 1.1 1.05 2.905263e-11 -1.80467e-11 -1.1006e-11 -1.11022e-16
0.6 1.1 1.05 2.255746e-11 -1.39124e-11 -8.64492e-12 -1.11022e-16
0.65 1.1 1.05 1.734762e-11 -1.05704e-11 -6.77739e-12 -1.11022e-16
0.7 1.1 1.05 1.319283e-11 -7.89302e-12 -5.29992e-12 -1.11022e-16
0.75 1.1 1.05 9.902462e-12 -5.77205e-12 -4.13059e-12 -1.11022e-16
0.8 1.1 1.05 7.318349e-12 -4.11426e-12 -3.20428e-12 -1.11022e-16
0.85 1.1 1.05 5.308805e-12 -2.83995e-12 -2.46875e-12 -1.11022e-16
0.9 1.1 1.05 3.762767e-12 -1.88227e-12 -1.88062e-12 -1.11022e-16
0.95 1.1 1.05 2.57978e-12 -1.18283e-12 -1.39693e-12 -1.11022e-16
1.0 1.1 1.05 1.606712e-12 -6.93889e-13 -9.13247e-13 -5.55112e-17
1.05 1.1 1.05 1.86432e-13 -3.73035e-13 1.86432e-13 -5.55112e-17
1.1 1.1 1.05 -6.52913e-12 -1.86517e-13 6.715557e-12 -1.11022e-16
0.0 1.1 1.1 1.445587e-09 -1.80316e-10 -1.26527e-09 -6.05072e-15
0.05 1.1 1.1 1.109087e-09 -1.50295e-10 -9.58792e-10 -4.44089e-16
0.1 1.1 1.1 8.576295e-10 -1.24777e-10 -7.32853e-10 -1.38778e-16
0.15 1.1 1.1 6.678414e-10 -1.03141e-10 -5.647e-10 -1.11022e-16
0.2 1.1 1.1 5.231177e-10 -8.48495e-11 -4.38269e-10 -1.11022e-16
0.25 1.1 1.1 4.116422e-10 -6.9432e-11 -3.4221e-10 -1.11022e-16
0.3 1.1 1.1 3.249768e-10 -5.64813e-11 -2.68495e-10 -1.11022e-16
0.35 1.1 1.1 2.570574e-10 -4.56433e-11 -2.11414e-10 -1.11022e-16
0.4 1.1 1.1 2.034858e-10 -3.66107e-11 -1.66875e-10 -1.38778e-16
0.45 1.1 1.1 1.610314e-10 -2.91176e-11 -1.31914e-10 -1.38778e-16
0.5 1.1 1.1 1.272858e-10 -2.29334e-11 -1.04352e-10 -1.38778e-16
0.55 1.1 1.1 1.004229e-10 -1.78604e-11 -8.25627e-11 -1.38778e-16
0.6 1.1 1.1 7.90347e-11 -1.37261e-11 -6.53086e-11 -1.38778e-16
0.65 1.1 1.1 6.201914e-11 -1.03839e-11 -5.16353e-11 -1.38778e-16
0.7 1.1 1.1 4.850288e-11 -7.7065e-12 -4.07964e-11 -1.38778e-16
0.75 1.1 1.1 3.778817e-11 -5.58531e-12 -3.22027e-11 -1.38778e-16
0.8 1.1 1.1 2.931459e-11 -3.92775e-12 -2.53869e-11 -1.38778e-16
0.85 1.1 1.1 2.263011e-11 -2.65366e-12 -1.99765e-11 -1.38778e-16
0.9 1.1 1.1 1.736722e-11 -1.69575e-12 -1.56715e-11 -1.38778e-16
0.95 1.1 1.1 1.321852e-11 -9.96536e-13 -1.22221e-11 -1.38778e-16
1.0 1.1 1.1 9.886072e-12 -5.0715e-13 -9.37904e-12 -1.11022e-16
1.05 1.1 1.1 6.715557e-12 -1.86517e-13 -6.52913e-12 -1.11022e-16
1.1 1.1 1.1 1.696366e-26 0.0 -8.88573e-27 -1.11022e-16
