v(drain) v(gate) v(source) i(vd) i(vg) i(vs) i(vb)
0.0 1.1 0.0 8.558463e-12 -3.37712e-11 8.558463e-12 1.665338e-11
0.05 1.1 0.0 -8.99475e-06 -3.45475e-11 8.994767e-06 1.812613e-11
0.1 1.1 0.0 -1.707e-05 -3.55236e-11 1.707006e-05 1.971874e-11
0.15 1.1 0.0 -2.42635e-05 -3.67262e-11 2.426349e-05 2.143961e-11
0.2 1.1 0.0 -3.06035e-05 -3.81482e-11 3.060349e-05 2.329765e-11
0.25 1.1 0.0 -3.61018e-05 -3.97877e-11 3.610177e-05 2.530225e-11
0.3 1.1 0.0 -4.07438e-05 -4.16511e-11 4.074386e-05 2.74635e-11
0.35 1.1 0.0 -4.44882e-05 -4.37481e-11 4.448819e-05 2.979222e-11
0.4 1.1 0.0 -4.73191e-05 -4.60965e-11 4.731915e-05 3.229983e-11
0.45 1.1 0.0 -4.93627e-05 -4.87006e-11 4.936273e-05 3.499755e-11
0.5 1.1 0.0 -5.08742e-05 -5.15588e-11 5.087419e-05 3.789601e-11
0.55 1.1 0.0 -5.20809e-05 -5.46638e-11 5.208087e-05 4.100596e-11
0.6 1.1 0.0 -5.31193e-05 -5.80203e-11 5.311927e-05 4.43388e-11
0.65 1.1 0.0 -5.40614e-05 -6.16289e-11 5.406137e-05 4.79066e-11
0.7 1.1 0.0 -5.49452e-05 -6.55014e-11 5.494519e-05 5.172194e-11
0.75 1.1 0.0 -5.57918e-05 -6.96438e-11 5.579177e-05 5.579788e-11
0.8 1.1 0.0 -5.66134e-05 -7.40714e-11 5.661346e-05 6.014785e-11
0.85 1.1 0.0 -5.74179e-05 -7.87903e-11 5.741795e-05 6.47857e-11
0.9 1.1 0.0 -5.82104e-05 -8.38192e-11 5.821045e-05 6.972558e-11
0.95 1.1 0.0 -5.8995e-05 -8.91696e-11 5.899499e-05 7.498203e-11
1.0 1.1 0.0 -5.97753e-05 -9.48548e-11 5.977529e-05 8.056988e-11
1.05 1.1 0.0 -6.05554e-05 -1.00887e-10 6.055546e-05 8.65043e-11
1.1 1.1 0.0 -6.13404e-05 -1.0728e-10 6.134044e-05 9.280078e-11
0.0 1.1 0.05 8.994767e-06 -3.45475e-11 -8.99475e-06 1.812613e-11
0.05 1.1 0.05 6.771779e-12 -2.08313e-11 6.771779e-12 7.287789e-12
0.1 1.1 0.05 -8.715e-06 -2.09424e-11 8.715015e-06 7.965636e-12
0.15 1.1 0.05 -1.64521e-05 -2.11804e-11 1.645208e-05 8.703534e-12
0.2 1.1 0.05 -2.32535e-05 -2.15659e-11 2.325356e-05 9.506395e-12
0.25 1.1 0.05 -2.91491e-05 -2.20899e-11 2.914915e-05 1.037954e-11
0.3 1.1 0.05 -3.41459e-05 -2.27516e-11 3.414586e-05 1.132878e-11
0.35 1.1 0.05 -3.82197e-05 -2.35554e-11 3.821972e-05 1.236059e-11
0.4 1.1 0.05 -4.13406e-05 -2.45084e-11 4.134059e-05 1.34821e-11
0.45 1.1 0.05 -4.35832e-05 -2.56186e-11 4.358324e-05 1.470061e-11
0.5 1.1 0.05 -4.51924e-05 -2.68825e-11 4.519237e-05 1.602278e-11
0.55 1.1 0.05 -4.6434e-05 -2.82929e-11 4.643402e-05 1.745508e-11
0.6 1.1 0.05 -4.74783e-05 -2.98463e-11 4.747829e-05 1.900458e-11
0.65 1.1 0.05 -4.84138e-05 -3.15428e-11 4.841384e-05 2.0679e-11
0.7 1.1 0.05 -4.92859e-05 -3.33875e-11 4.928587e-05 2.248667e-11
0.75 1.1 0.05 -5.01185e-05 -3.53824e-11 5.011853e-05 2.443645e-11
0.8 1.1 0.05 -5.09255e-05 -3.75397e-11 5.09255e-05 2.653763e-11
0.85 1.1 0.05 -5.17151e-05 -3.98614e-11 5.171507e-05 2.879996e-11
0.9 1.1 0.05 -5.24926e-05 -4.23599e-11 5.249261e-05 3.123364e-11
0.95 1.1 0.05 -5.3262e-05 -4.50475e-11 5.326203e-05 3.384926e-11
1.0 1.1 0.05 -5.40267e-05 -4.79314e-11 5.40267e-05 3.665784e-11
1.05 1.1 0.05 -5.47901e-05 -5.10187e-11 5.479014e-05 3.967081e-11
1.1 1.1 0.05 -5.55565e-05 -5.43201e-11 5.555649e-05 4.29e-11
0.0 1.1 0.1 1.707006e-05 -3.55236e-11 -1.707e-05 1.971874e-11
0.05 1.1 0.1 8.715015e-06 -2.09424e-11 -8.715e-06 7.965636e-12
0.1 1.1 0.1 5.315449e-12 -1.37321e-11 5.315449e-12 3.100787e-12
0.15 1.1 0.1 -8.39028e-06 -1.35696e-11 8.39029e-06 3.398695e-12
0.2 1.1 0.1 -1.5738e-05 -1.34923e-11 1.5738e-05 3.724564e-12
0.25 1.1 0.1 -2.2091e-05 -1.35145e-11 2.209098e-05 4.080954e-12
0.3 1.1 0.1 -2.74794e-05 -1.36282e-11 2.747945e-05 4.470738e-12
0.35 1.1 0.1 -3.1904e-05 -1.38307e-11 3.190404e-05 4.897219e-12
0.4 1.1 0.1 -3.53396e-05 -1.41265e-11 3.533966e-05 5.364271e-12
0.45 1.1 0.1 -3.78173e-05 -1.45191e-11 3.781731e-05 5.876094e-12
0.5 1.1 0.1 -3.9549e-05 -1.50076e-11 3.954905e-05 6.436361e-12
0.55 1.1 0.1 -4.08347e-05 -1.5584e-11 4.083467e-05 7.048165e-12
0.6 1.1 0.1 -4.18862e-05 -1.62395e-11 4.18862e-05 7.714858e-12
0.65 1.1 0.1 -4.28141e-05 -1.69704e-11 4.281409e-05 8.440376e-12
0.7 1.1 0.1 -4.36726e-05 -1.77804e-11 4.367263e-05 9.229168e-12
0.75 1.1 0.1 -4.44896e-05 -1.86668e-11 4.448962e-05 1.008611e-11
0.8 1.1 0.1 -4.52803e-05 -1.96341e-11 4.528027e-05 1.101644e-11
0.85 1.1 0.1 -4.60535e-05 -2.06848e-11 4.60535e-05 1.202581e-11
0.9 1.1 0.1 -4.68149e-05 -2.18279e-11 4.681487e-05 1.31202e-11
0.95 1.1 0.1 -4.75682e-05 -2.30669e-11 4.756823e-05 1.430599e-11
1.0 1.1 0.1 -4.83167e-05 -2.44071e-11 4.831667e-05 1.558994e-11
1.05 1.1 0.1 -4.90632e-05 -2.58522e-11 4.906319e-05 1.697919e-11
1.1 1.1 0.1 -4.98112e-05 -2.74083e-11 4.981124e-05 1.848128e-11
0.0 1.1 0.15 2.426349e-05 -3.67262e-11 -2.42635e-05 2.143961e-11
0.05 1.1 0.15 1.645208e-05 -2.11804e-11 -1.64521e-05 8.703534e-12
0.1 1.1 0.15 8.39029e-06 -1.35696e-11 -8.39028e-06 3.398695e-12
0.15 1.1 0.15 4.134041e-12 -9.56568e-12 4.134041e-12 1.296891e-12
0.2 1.1 0.15 -8.00906e-06 -9.31966e-12 8.009067e-06 1.424141e-12
0.25 1.1 0.15 -1.49043e-05 -9.13669e-12 1.490434e-05 1.563888e-12
0.3 1.1 0.15 -2.074e-05 -9.023e-12 2.074001e-05 1.717421e-12
0.35 1.1 0.15 -2.5546e-05 -8.97682e-12 2.554597e-05 1.886284e-12
0.4 1.1 0.15 -2.93186e-05 -8.99192e-12 2.931866e-05 2.072427e-12
0.45 1.1 0.15 -3.20654e-05 -9.07185e-12 3.20654e-05 2.278209e-12
0.5 1.1 0.15 -3.39493e-05 -9.21929e-12 3.394934e-05 2.50571e-12
0.55 1.1 0.15 -3.52902e-05 -9.42268e-12 3.529017e-05 2.756175e-12
0.6 1.1 0.15 -3.63502e-05 -9.67404e-12 3.635022e-05 3.030723e-12
0.65 1.1 0.15 -3.72687e-05 -9.96891e-12 3.726868e-05 3.330894e-12
0.7 1.1 0.15 -3.81114e-05 -1.03029e-11 3.811136e-05 3.658628e-12
0.75 1.1 0.15 -3.89104e-05 -1.06759e-11 3.891041e-05 4.016166e-12
0.8 1.1 0.15 -3.96827e-05 -1.1088e-11 3.968272e-05 4.405997e-12
0.85 1.1 0.15 -4.04378e-05 -1.15428e-11 4.043783e-05 4.830843e-12
0.9 1.1 0.15 -4.11815e-05 -1.20393e-11 4.11815e-05 5.293656e-12
0.95 1.1 0.15 -4.19175e-05 -1.25819e-11 4.191753e-05 5.797626e-12
1.0 1.1 0.15 -4.26488e-05 -1.31726e-11 4.264877e-05 6.34619e-12
1.05 1.1 0.15 -4.33778e-05 -1.38103e-11 4.337781e-05 6.943044e-12
1.1 1.1 0.15 -4.41075e-05 -1.44977e-11 4.410749e-05 7.592157e-12
0.0 1.1 0.2 3.060349e-05 -3.81482e-11 -3.06035e-05 2.329765e-11
0.05 1.1 0.2 2.325356e-05 -2.15659e-11 -2.32535e-05 9.506395e-12
0.1 1.1 0.2 1.5738e-05 -1.34923e-11 -1.5738e-05 3.724564e-12
0.15 1.1 0.2 8.009067e-06 -9.31966e-12 -8.00906e-06 1.424141e-12
0.2 1.1 0.2 3.180826e-12 -6.89937e-12 3.180826e-12 5.369146e-13
0.25 1.1 0.2 -7.55569e-06 -6.65334e-12 7.5557e-06 5.903948e-13
0.3 1.1 0.2 -1.39198e-05 -6.45528e-12 1.391985e-05 6.494202e-13
0.35 1.1 0.2 -1.91541e-05 -6.30962e-12 1.915411e-05 7.146868e-13
0.4 1.1 0.2 -2.32886e-05 -6.21458e-12 2.328856e-05 7.87156e-13
0.45 1.1 0.2 -2.63334e-05 -6.1684e-12 2.633338e-05 8.681798e-13
0.5 1.1 0.2 -2.84018e-05 -6.17195e-12 2.840179e-05 9.591454e-13
0.55 1.1 0.2 -2.98113e-05 -6.21636e-12 2.981134e-05 1.060629e-12
0.6 1.1 0.2 -3.08806e-05 -6.2963e-12 3.088064e-05 1.172709e-12
0.65 1.1 0.2 -3.17867e-05 -6.40377e-12 3.178673e-05 1.295711e-12
0.7 1.1 0.2 -3.26102e-05 -6.5361e-12 3.261017e-05 1.430297e-12
0.75 1.1 0.2 -3.33882e-05 -6.68798e-12 3.338822e-05 1.577346e-12
0.8 1.1 0.2 -3.41395e-05 -6.86118e-12 3.413954e-05 1.737894e-12
0.85 1.1 0.2 -3.48742e-05 -7.05569e-12 3.487424e-05 1.913103e-12
0.9 1.1 0.2 -3.55982e-05 -7.26796e-12 3.559823e-05 2.104255e-12
0.95 1.1 0.2 -3.63152e-05 -7.50333e-12 3.631524e-05 2.312757e-12
1.0 1.1 0.2 -3.70279e-05 -7.7609e-12 3.70279e-05 2.54014e-12
1.05 1.1 0.2 -3.77384e-05 -8.0389e-12 3.773845e-05 2.788071e-12
1.1 1.1 0.2 -3.84492e-05 -8.33467e-12 3.844919e-05 3.05836e-12
0.0 1.1 0.25 3.610177e-05 -3.97877e-11 -3.61018e-05 2.530225e-11
0.05 1.1 0.25 2.914915e-05 -2.20899e-11 -2.91491e-05 1.037954e-11
0.1 1.1 0.25 2.209098e-05 -1.35145e-11 -2.2091e-05 4.080954e-12
0.15 1.1 0.25 1.490434e-05 -9.13669e-12 -1.49043e-05 1.563888e-12
0.2 1.1 0.25 7.5557e-06 -6.65334e-12 -7.55569e-06 5.903948e-13
0.25 1.1 0.25 2.416521e-12 -5.05462e-12 2.416521e-12 2.209492e-13
0.3 1.1 0.25 -7.00862e-06 -4.83791e-12 7.008626e-06 2.43244e-13
0.35 1.1 0.25 -1.27426e-05 -4.6585e-12 1.274265e-05 2.680922e-13
0.4 1.1 0.25 -1.72733e-05 -4.52349e-12 1.727326e-05 2.959641e-13
0.45 1.1 0.25 -2.06393e-05 -4.42668e-12 2.063927e-05 3.276388e-13
0.5 1.1 0.25 -2.29227e-05 -4.37073e-12 2.292274e-05 3.641536e-13
0.55 1.1 0.25 -2.44158e-05 -4.35119e-12 2.441582e-05 4.060164e-13
0.6 1.1 0.25 -2.54935e-05 -4.35918e-12 2.549354e-05 4.529707e-13
0.65 1.1 0.25 -2.63822e-05 -4.38849e-12 2.638223e-05 5.048073e-13
0.7 1.1 0.25 -2.71814e-05 -4.43379e-12 2.718137e-05 5.616129e-13
0.75 1.1 0.25 -2.79341e-05 -4.49329e-12 2.793409e-05 6.236621e-13
0.8 1.1 0.25 -2.86608e-05 -4.56613e-12 2.866076e-05 6.91336e-13
0.85 1.1 0.25 -2.93719e-05 -4.64873e-12 2.937193e-05 7.650888e-13
0.9 1.1 0.25 -3.00735e-05 -4.74198e-12 3.007354e-05 8.454352e-13
0.95 1.1 0.25 -3.07692e-05 -4.84857e-12 3.076919e-05 9.329474e-13
1.0 1.1 0.25 -3.14613e-05 -4.96581e-12 3.146129e-05 1.028256e-12
1.05 1.1 0.25 -3.21517e-05 -5.08926e-12 3.215173e-05 1.132052e-12
1.1 1.1 0.25 -3.28424e-05 -5.21982e-12 3.284236e-05 1.245093e-12
0.0 1.1 0.3 4.074386e-05 -4.16511e-11 -4.07438e-05 2.74635e-11
0.05 1.1 0.3 3.414586e-05 -2.27516e-11 -3.41459e-05 1.132878e-11
0.1 1.1 0.3 2.747945e-05 -1.36282e-11 -2.74794e-05 4.470738e-12
0.15 1.1 0.3 2.074001e-05 -9.023e-12 -2.074e-05 1.717421e-12
0.2 1.1 0.3 1.391985e-05 -6.45528e-12 -1.39198e-05 6.494202e-13
0.25 1.1 0.3 7.008626e-06 -4.83791e-12 -7.00862e-06 2.43244e-13
0.3 1.1 0.3 1.808224e-12 -3.70814e-12 1.808224e-12 9.069108e-14
0.35 1.1 0.3 -6.33815e-06 -3.52696e-12 6.33815e-06 9.997037e-14
0.4 1.1 0.3 -1.13176e-05 -3.37685e-12 1.131758e-05 1.105616e-13
0.45 1.1 0.3 -1.50252e-05 -3.26406e-12 1.502521e-05 1.22894e-13
0.5 1.1 0.3 -1.75462e-05 -3.18412e-12 1.754621e-05 1.377192e-13
0.55 1.1 0.3 -1.91359e-05 -3.13527e-12 1.913595e-05 1.556452e-13
0.6 1.1 0.3 -2.02174e-05 -3.11307e-12 2.021742e-05 1.764621e-13
0.65 1.1 0.3 -2.10798e-05 -3.10862e-12 2.107978e-05 1.997609e-13
0.7 1.1 0.3 -2.18466e-05 -3.11573e-12 2.184657e-05 2.253903e-13
0.75 1.1 0.3 -2.25673e-05 -3.13616e-12 2.256734e-05 2.533781e-13
0.8 1.1 0.3 -2.32639e-05 -3.16547e-12 2.326387e-05 2.83839e-13
0.85 1.1 0.3 -2.39469e-05 -3.20188e-12 2.394687e-05 3.169356e-13
0.9 1.1 0.3 -2.46221e-05 -3.24629e-12 2.462208e-05 3.528628e-13
0.95 1.1 0.3 -2.52928e-05 -3.29514e-12 2.529284e-05 3.918428e-13
1.0 1.1 0.3 -2.59613e-05 -3.35287e-12 2.596128e-05 4.341236e-13
1.05 1.1 0.3 -2.6629e-05 -3.41149e-12 2.662896e-05 4.799795e-13
1.1 1.1 0.3 -2.72973e-05 -3.47278e-12 2.729729e-05 5.297124e-13
0.0 1.1 0.35 4.448819e-05 -4.37481e-11 -4.44882e-05 2.979222e-11
0.05 1.1 0.35 3.821972e-05 -2.35554e-11 -3.82197e-05 1.236059e-11
0.1 1.1 0.35 3.190404e-05 -1.38307e-11 -3.1904e-05 4.897219e-12
0.15 1.1 0.35 2.554597e-05 -8.97682e-12 -2.5546e-05 1.886284e-12
0.2 1.1 0.35 1.915411e-05 -6.30962e-12 -1.91541e-05 7.146868e-13
0.25 1.1 0.35 1.274265e-05 -4.6585e-12 -1.27426e-05 2.680922e-13
0.3 1.1 0.35 6.33815e-06 -3.52696e-12 -6.33815e-06 9.997037e-14
0.35 1.1 0.35 1.328515e-12 -2.69296e-12 1.328515e-12 3.735863e-14
0.4 1.1 0.35 -5.50543e-06 -2.54907e-12 5.505428e-06 4.124953e-14
0.45 1.1 0.35 -9.57878e-06 -2.42828e-12 9.578784e-06 4.596441e-14
0.5 1.1 0.35 -1.23458e-05 -2.33946e-12 1.234581e-05 5.197666e-14
0.55 1.1 0.35 -1.40374e-05 -2.27995e-12 1.403745e-05 5.991356e-14
0.6 1.1 0.35 -1.51098e-05 -2.24176e-12 1.510981e-05 6.978701e-14
0.65 1.1 0.35 -1.59294e-05 -2.22045e-12 1.592942e-05 8.117181e-14
0.7 1.1 0.35 -1.66501e-05 -2.21245e-12 1.665014e-05 9.382966e-14
0.75 1.1 0.35 -1.73279e-05 -2.21423e-12 1.732787e-05 1.076989e-13
0.8 1.1 0.35 -1.79851e-05 -2.22311e-12 1.798506e-05 1.227956e-13
0.85 1.1 0.35 -1.8632e-05 -2.23821e-12 1.863197e-05 1.391709e-13
0.9 1.1 0.35 -1.92738e-05 -2.25864e-12 1.927384e-05 1.568956e-13
0.95 1.1 0.35 -1.99136e-05 -2.28439e-12 1.991356e-05 1.76054e-13
1.0 1.1 0.35 -2.05529e-05 -2.31459e-12 2.055285e-05 1.967425e-13
1.05 1.1 0.35 -2.11929e-05 -2.34568e-12 2.11929e-05 2.190682e-13
1.1 1.1 0.35 -2.18347e-05 -2.37499e-12 2.183468e-05 2.431497e-13
0.0 1.1 0.4 4.731915e-05 -4.60965e-11 -4.73191e-05 3.229983e-11
0.05 1.1 0.4 4.134059e-05 -2.45084e-11 -4.13406e-05 1.34821e-11
0.1 1.1 0.4 3.533966e-05 -1.41265e-11 -3.53396e-05 5.364271e-12
0.15 1.1 0.4 2.931866e-05 -8.99192e-12 -2.93186e-05 2.072427e-12
0.2 1.1 0.4 2.328856e-05 -6.21458e-12 -2.32886e-05 7.87156e-13
0.25 1.1 0.4 1.727326e-05 -4.52349e-12 -1.72733e-05 2.959641e-13
0.3 1.1 0.4 1.131758e-05 -3.37685e-12 -1.13176e-05 1.105616e-13
0.35 1.1 0.4 5.505428e-06 -2.54907e-12 -5.50543e-06 4.124953e-14
0.4 1.1 0.4 9.546086e-13 -1.92468e-12 9.546086e-13 1.568823e-14
0.45 1.1 0.4 -4.46993e-06 -1.80833e-12 4.469933e-06 1.736211e-14
0.5 1.1 0.4 -7.47672e-06 -1.71596e-12 7.476717e-06 1.96879e-14
0.55 1.1 0.4 -9.26026e-06 -1.64935e-12 9.26026e-06 2.315462e-14
0.6 1.1 0.4 -1.02961e-05 -1.60316e-12 1.029613e-05 2.799914e-14
0.65 1.1 0.4 -1.10431e-05 -1.57563e-12 1.104309e-05 3.390364e-14
0.7 1.1 0.4 -1.16932e-05 -1.55786e-12 1.169321e-05 4.061977e-14
0.75 1.1 0.4 -1.23077e-05 -1.54987e-12 1.230768e-05 4.806584e-14
0.8 1.1 0.4 -1.29082e-05 -1.54809e-12 1.29082e-05 5.622954e-14
0.85 1.1 0.4 -1.35038e-05 -1.55254e-12 1.350379e-05 6.512536e-14
0.9 1.1 0.4 -1.40987e-05 -1.56053e-12 1.409868e-05 7.478015e-14
0.95 1.1 0.4 -1.4695e-05 -1.57474e-12 1.469503e-05 8.522797e-14
1.0 1.1 0.4 -1.5294e-05 -1.5925e-12 1.529401e-05 9.650818e-14
1.05 1.1 0.4 -1.58963e-05 -1.60849e-12 1.589631e-05 1.086647e-13
1.1 1.1 0.4 -1.65025e-05 -1.62448e-12 1.650246e-05 1.217457e-13
0.0 1.1 0.45 4.936273e-05 -4.87006e-11 -4.93627e-05 3.499755e-11
0.05 1.1 0.45 4.358324e-05 -2.56186e-11 -4.35832e-05 1.470061e-11
0.1 1.1 0.45 3.781731e-05 -1.45191e-11 -3.78173e-05 5.876094e-12
0.15 1.1 0.45 3.20654e-05 -9.07185e-12 -3.20654e-05 2.278209e-12
0.2 1.1 0.45 2.633338e-05 -6.1684e-12 -2.63334e-05 8.681798e-13
0.25 1.1 0.45 2.063927e-05 -4.42668e-12 -2.06393e-05 3.276388e-13
0.3 1.1 0.45 1.502521e-05 -3.26406e-12 -1.50252e-05 1.22894e-13
0.35 1.1 0.45 9.578784e-06 -2.42828e-12 -9.57878e-06 4.596441e-14
0.4 1.1 0.45 4.469933e-06 -1.80833e-12 -4.46993e-06 1.736211e-14
0.45 1.1 0.45 6.673654e-13 -1.34204e-12 6.673654e-13 6.969209e-15
0.5 1.1 0.45 -3.22805e-06 -1.25056e-12 3.228053e-06 7.731943e-15
0.55 1.1 0.45 -5.08241e-06 -1.1795e-12 5.082412e-06 9.073739e-15
0.6 1.1 0.45 -6.04082e-06 -1.13065e-12 6.040821e-06 1.131195e-14
0.65 1.1 0.45 -6.66653e-06 -1.09601e-12 6.666534e-06 1.431409e-14
0.7 1.1 0.45 -7.20417e-06 -1.07292e-12 7.204167e-06 1.787075e-14
0.75 1.1 0.45 -7.7188e-06 -1.06049e-12 7.718797e-06 2.191294e-14
0.8 1.1 0.45 -8.22965e-06 -1.05249e-12 8.22965e-06 2.643008e-14
0.85 1.1 0.45 -8.74366e-06 -1.05072e-12 8.743656e-06 3.143069e-14
0.9 1.1 0.45 -9.26364e-06 -1.05249e-12 9.263643e-06 3.693052e-14
0.95 1.1 0.45 -9.7908e-06 -1.0596e-12 9.790802e-06 4.294872e-14
1.0 1.1 0.45 -1.03256e-05 -1.06937e-12 1.032559e-05 4.950647e-14
1.05 1.1 0.45 -1.08681e-05 -1.07825e-12 1.086813e-05 5.66264e-14
1.1 1.1 0.45 -1.14184e-05 -1.08624e-12 1.14184e-05 6.43325e-14
0.0 1.1 0.5 5.087419e-05 -5.15588e-11 -5.08742e-05 3.789601e-11
0.05 1.1 0.5 4.519237e-05 -2.68825e-11 -4.51924e-05 1.602278e-11
0.1 1.1 0.5 3.954905e-05 -1.50076e-11 -3.9549e-05 6.436361e-12
0.15 1.1 0.5 3.394934e-05 -9.21929e-12 -3.39493e-05 2.50571e-12
0.2 1.1 0.5 2.840179e-05 -6.17195e-12 -2.84018e-05 9.591454e-13
0.25 1.1 0.5 2.292274e-05 -4.37073e-12 -2.29227e-05 3.641536e-13
0.3 1.1 0.5 1.754621e-05 -3.18412e-12 -1.75462e-05 1.377192e-13
0.35 1.1 0.5 1.234581e-05 -2.33946e-12 -1.23458e-05 5.197666e-14
0.4 1.1 0.5 7.476717e-06 -1.71596e-12 -7.47672e-06 1.96879e-14
0.45 1.1 0.5 3.228053e-06 -1.25056e-12 -3.22805e-06 7.731943e-15
0.5 1.1 0.5 4.499971e-13 -9.03277e-13 4.499971e-13 3.503977e-15
0.55 1.1 0.5 -1.9135e-06 -8.33111e-13 1.913497e-06 3.877633e-15
0.6 1.1 0.5 -2.78231e-06 -7.79821e-13 2.782311e-06 4.699804e-15
0.65 1.1 0.5 -3.23655e-06 -7.42517e-13 3.236546e-06 6.014995e-15
0.7 1.1 0.5 -3.60908e-06 -7.15872e-13 3.609085e-06 7.686139e-15
0.75 1.1 0.5 -3.97261e-06 -6.98996e-13 3.972609e-06 9.667056e-15
0.8 1.1 0.5 -4.34346e-06 -6.88338e-13 4.343456e-06 1.19587e-14
0.85 1.1 0.5 -4.72652e-06 -6.81233e-13 4.726523e-06 1.457475e-14
0.9 1.1 0.5 -5.1235e-06 -6.80345e-13 5.123498e-06 1.753272e-14
0.95 1.1 0.5 -5.5349e-06 -6.83009e-13 5.534897e-06 2.085143e-14
1.0 1.1 0.5 -5.96072e-06 -6.8745e-13 5.960717e-06 2.45501e-14
1.05 1.1 0.5 -6.4007e-06 -6.92779e-13 6.400704e-06 2.864797e-14
1.1 1.1 0.5 -6.85449e-06 -6.95444e-13 6.854488e-06 3.316419e-14
0.0 1.1 0.55 5.208087e-05 -5.46638e-11 -5.20809e-05 4.100596e-11
0.05 1.1 0.55 4.643402e-05 -2.82929e-11 -4.6434e-05 1.745508e-11
0.1 1.1 0.55 4.083467e-05 -1.5584e-11 -4.08347e-05 7.048165e-12
0.15 1.1 0.55 3.529017e-05 -9.42268e-12 -3.52902e-05 2.756175e-12
0.2 1.1 0.55 2.981134e-05 -6.21636e-12 -2.98113e-05 1.060629e-12
0.25 1.1 0.55 2.441582e-05 -4.35119e-12 -2.44158e-05 4.060164e-13
0.3 1.1 0.55 1.913595e-05 -3.13527e-12 -1.91359e-05 1.556452e-13
0.35 1.1 0.55 1.403745e-05 -2.27995e-12 -1.40374e-05 5.991356e-14
0.4 1.1 0.55 9.26026e-06 -1.64935e-12 -9.26026e-06 2.315462e-14
0.45 1.1 0.55 5.082412e-06 -1.1795e-12 -5.08241e-06 9.073739e-15
0.5 1.1 0.55 1.913497e-06 -8.33111e-13 -1.9135e-06 3.877633e-15
0.55 1.1 0.55 2.873165e-13 -5.76428e-13 2.873165e-13 2.151218e-15
0.6 1.1 0.55 -8.56343e-07 -5.23137e-13 8.563431e-07 2.330804e-15
0.65 1.1 0.55 -1.16334e-06 -4.84057e-13 1.163341e-06 2.747777e-15
0.7 1.1 0.55 -1.35863e-06 -4.55636e-13 1.358627e-06 3.358437e-15
0.75 1.1 0.55 -1.5482e-06 -4.34319e-13 1.548203e-06 4.128524e-15
0.8 1.1 0.55 -1.74835e-06 -4.20997e-13 1.748353e-06 5.063695e-15
0.85 1.1 0.55 -1.96328e-06 -4.13891e-13 1.963278e-06 6.179664e-15
0.9 1.1 0.55 -2.19469e-06 -4.07674e-13 2.194689e-06 7.4952e-15
0.95 1.1 0.55 -2.44348e-06 -4.06786e-13 2.443483e-06 9.030398e-15
1.0 1.1 0.55 -2.71018e-06 -4.10338e-13 2.710184e-06 1.080604e-14
1.05 1.1 0.55 -2.99508e-06 -4.12115e-13 2.995084e-06 1.284325e-14
1.1 1.1 0.55 -3.29831e-06 -4.13891e-13 3.298312e-06 1.516324e-14
0.0 1.1 0.6 5.311927e-05 -5.80203e-11 -5.31193e-05 4.43388e-11
0.05 1.1 0.6 4.747829e-05 -2.98463e-11 -4.74783e-05 1.900458e-11
0.1 1.1 0.6 4.18862e-05 -1.62395e-11 -4.18862e-05 7.714858e-12
0.15 1.1 0.6 3.635022e-05 -9.67404e-12 -3.63502e-05 3.030723e-12
0.2 1.1 0.6 3.088064e-05 -6.2963e-12 -3.08806e-05 1.172709e-12
0.25 1.1 0.6 2.549354e-05 -4.35918e-12 -2.54935e-05 4.529707e-13
0.3 1.1 0.6 2.021742e-05 -3.11307e-12 -2.02174e-05 1.764621e-13
0.35 1.1 0.6 1.510981e-05 -2.24176e-12 -1.51098e-05 6.978701e-14
0.4 1.1 0.6 1.029613e-05 -1.60316e-12 -1.02961e-05 2.799914e-14
0.45 1.1 0.6 6.040821e-06 -1.13065e-12 -6.04082e-06 1.131195e-14
0.5 1.1 0.6 2.782311e-06 -7.79821e-13 -2.78231e-06 4.699804e-15
0.55 1.1 0.6 8.563431e-07 -5.23137e-13 -8.56343e-07 2.330804e-15
0.6 1.1 0.6 1.690661e-13 -3.39284e-13 1.690661e-13 1.645651e-15
0.65 1.1 0.6 -2.88167e-07 -3.00204e-13 2.881676e-07 1.71702e-15
0.7 1.1 0.6 -3.79488e-07 -2.70894e-13 3.794882e-07 1.874132e-15
0.75 1.1 0.6 -4.49428e-07 -2.4869e-13 4.494279e-07 2.095309e-15
0.8 1.1 0.6 -5.23434e-07 -2.33591e-13 5.234338e-07 2.378689e-15
0.85 1.1 0.6 -6.05601e-07 -2.25597e-13 6.056011e-07 2.732721e-15
0.9 1.1 0.6 -6.97623e-07 -2.1938e-13 6.97623e-07 3.168848e-15
0.95 1.1 0.6 -8.00714e-07 -2.17604e-13 8.007144e-07 3.700306e-15
1.0 1.1 0.6 -9.15947e-07 -2.1938e-13 9.159474e-07 4.341853e-15
1.05 1.1 0.6 -1.04433e-06 -2.20268e-13 1.04433e-06 5.109661e-15
1.1 1.1 0.6 -1.18682e-06 -2.17604e-13 1.186823e-06 6.02122e-15
0.0 1.1 0.65 5.406137e-05 -6.16289e-11 -5.40614e-05 4.79066e-11
0.05 1.1 0.65 4.841384e-05 -3.15428e-11 -4.84138e-05 2.0679e-11
0.1 1.1 0.65 4.281409e-05 -1.69704e-11 -4.28141e-05 8.440376e-12
0.15 1.1 0.65 3.726868e-05 -9.96891e-12 -3.72687e-05 3.330894e-12
0.2 1.1 0.65 3.178673e-05 -6.40377e-12 -3.17867e-05 1.295711e-12
0.25 1.1 0.65 2.638223e-05 -4.38849e-12 -2.63822e-05 5.048073e-13
0.3 1.1 0.65 2.107978e-05 -3.10862e-12 -2.10798e-05 1.997609e-13
0.35 1.1 0.65 1.592942e-05 -2.22045e-12 -1.59294e-05 8.117181e-14
0.4 1.1 0.65 1.104309e-05 -1.57563e-12 -1.10431e-05 3.390364e-14
0.45 1.1 0.65 6.666534e-06 -1.09601e-12 -6.66653e-06 1.431409e-14
0.5 1.1 0.65 3.236546e-06 -7.42517e-13 -3.23655e-06 6.014995e-15
0.55 1.1 0.65 1.163341e-06 -4.84057e-13 -1.16334e-06 2.747777e-15
0.6 1.1 0.65 2.881676e-07 -3.00204e-13 -2.88167e-07 1.71702e-15
0.65 1.1 0.65 9.540036e-14 -1.92735e-13 9.540036e-14 1.475418e-15
0.7 1.1 0.65 -7.82235e-08 -1.62537e-13 7.822366e-08 1.497414e-15
0.75 1.1 0.65 -1.02701e-07 -1.4122e-13 1.027006e-07 1.543811e-15
0.8 1.1 0.65 -1.23438e-07 -1.2701e-13 1.234383e-07 1.608964e-15
0.85 1.1 0.65 -1.4633e-07 -1.16351e-13 1.463304e-07 1.69405e-15
0.9 1.1 0.65 -1.72525e-07 -1.10134e-13 1.72525e-07 1.802861e-15
0.95 1.1 0.65 -2.02697e-07 -1.0747e-13 2.026968e-07 1.940277e-15
1.0 1.1 0.65 -2.37466e-07 -1.10134e-13 2.374657e-07 2.112123e-15
1.05 1.1 0.65 -2.77475e-07 -1.09246e-13 2.77475e-07 2.325214e-15
1.1 1.1 0.65 -3.23413e-07 -1.08358e-13 3.234133e-07 2.587435e-15
0.0 1.1 0.7 5.494519e-05 -6.55014e-11 -5.49452e-05 5.172194e-11
0.05 1.1 0.7 4.928587e-05 -3.33875e-11 -4.92859e-05 2.248667e-11
0.1 1.1 0.7 4.367263e-05 -1.77804e-11 -4.36726e-05 9.229168e-12
0.15 1.1 0.7 3.811136e-05 -1.03029e-11 -3.81114e-05 3.658628e-12
0.2 1.1 0.7 3.261017e-05 -6.5361e-12 -3.26102e-05 1.430297e-12
0.25 1.1 0.7 2.718137e-05 -4.43379e-12 -2.71814e-05 5.616129e-13
0.3 1.1 0.7 2.184657e-05 -3.11573e-12 -2.18466e-05 2.253903e-13
0.35 1.1 0.7 1.665014e-05 -2.21245e-12 -1.66501e-05 9.382966e-14
0.4 1.1 0.7 1.169321e-05 -1.55786e-12 -1.16932e-05 4.061977e-14
0.45 1.1 0.7 7.204167e-06 -1.07292e-12 -7.20417e-06 1.787075e-14
0.5 1.1 0.7 3.609085e-06 -7.15872e-13 -3.60908e-06 7.686139e-15
0.55 1.1 0.7 1.358627e-06 -4.55636e-13 -1.35863e-06 3.358437e-15
0.6 1.1 0.7 3.794882e-07 -2.70894e-13 -3.79488e-07 1.874132e-15
0.65 1.1 0.7 7.822366e-08 -1.62537e-13 -7.82235e-08 1.497414e-15
0.7 1.1 0.7 5.715083e-14 -1.15463e-13 5.715083e-14 1.426849e-15
0.75 1.1 0.7 -1.80781e-08 -9.41469e-14 1.807816e-08 1.432312e-15
0.8 1.1 0.7 -2.39378e-08 -7.81597e-14 2.393791e-08 1.443671e-15
0.85 1.1 0.7 -2.91786e-08 -6.92779e-14 2.917869e-08 1.459807e-15
0.9 1.1 0.7 -3.51185e-08 -6.30607e-14 3.511853e-08 1.481286e-15
0.95 1.1 0.7 -4.20626e-08 -6.12843e-14 4.206263e-08 1.509319e-15
1.0 1.1 0.7 -5.02273e-08 -6.21725e-14 5.022739e-08 1.545468e-15
1.05 1.1 0.7 -5.98321e-08 -6.30607e-14 5.983217e-08 1.59164e-15
1.1 1.1 0.7 -7.11187e-08 -6.03961e-14 7.11188e-08 1.650137e-15
0.0 1.1 0.75 5.579177e-05 -6.96438e-11 -5.57918e-05 5.579788e-11
0.05 1.1 0.75 5.011853e-05 -3.53824e-11 -5.01185e-05 2.443645e-11
0.1 1.1 0.75 4.448962e-05 -1.86668e-11 -4.44896e-05 1.008611e-11
0.15 1.1 0.75 3.891041e-05 -1.06759e-11 -3.89104e-05 4.016166e-12
0.2 1.1 0.75 3.338822e-05 -6.68798e-12 -3.33882e-05 1.577346e-12
0.25 1.1 0.75 2.793409e-05 -4.49329e-12 -2.79341e-05 6.236621e-13
0.3 1.1 0.75 2.256734e-05 -3.13616e-12 -2.25673e-05 2.533781e-13
0.35 1.1 0.75 1.732787e-05 -2.21423e-12 -1.73279e-05 1.076989e-13
0.4 1.1 0.75 1.230768e-05 -1.54987e-12 -1.23077e-05 4.806584e-14
0.45 1.1 0.75 7.718797e-06 -1.06049e-12 -7.7188e-06 2.191294e-14
0.5 1.1 0.75 3.972609e-06 -6.98996e-13 -3.97261e-06 9.667056e-15
0.55 1.1 0.75 1.548203e-06 -4.34319e-13 -1.5482e-06 4.128524e-15
0.6 1.1 0.75 4.494279e-07 -2.4869e-13 -4.49428e-07 2.095309e-15
0.65 1.1 0.75 1.027006e-07 -1.4122e-13 -1.02701e-07 1.543811e-15
0.7 1.1 0.75 1.807816e-08 -9.41469e-14 -1.80781e-08 1.432312e-15
0.75 1.1 0.75 3.45076e-14 -7.10543e-14 3.45076e-14 1.41516e-15
0.8 1.1 0.75 -3.71232e-09 -5.50671e-14 3.71237e-09 1.416327e-15
0.85 1.1 0.75 -4.95945e-09 -4.52971e-14 4.959499e-09 1.418744e-15
0.9 1.1 0.75 -6.10975e-09 -3.81917e-14 6.109784e-09 1.422219e-15
0.95 1.1 0.75 -7.43724e-09 -3.73035e-14 7.437273e-09 1.426914e-15
1.0 1.1 0.75 -9.01457e-09 -3.90799e-14 9.014604e-09 1.433138e-15
1.05 1.1 0.75 -1.08995e-08 -3.90799e-14 1.089949e-08 1.441297e-15
1.1 1.1 0.75 -1.31538e-08 -3.64153e-14 1.315382e-08 1.451896e-15
0.0 1.1 0.8 5.661346e-05 -7.40714e-11 -5.66134e-05 6.014785e-11
0.05 1.1 0.8 5.09255e-05 -3.75397e-11 -5.09255e-05 2.653763e-11
0.1 1.1 0.8 4.528027e-05 -1.96341e-11 -4.52803e-05 1.101644e-11
0.15 1.1 0.8 3.968272e-05 -1.1088e-11 -3.96827e-05 4.405997e-12
0.2 1.1 0.8 3.413954e-05 -6.86118e-12 -3.41395e-05 1.737894e-12
0.25 1.1 0.8 2.866076e-05 -4.56613e-12 -2.86608e-05 6.91336e-13
0.3 1.1 0.8 2.326387e-05 -3.16547e-12 -2.32639e-05 2.83839e-13
0.35 1.1 0.8 1.798506e-05 -2.22311e-12 -1.79851e-05 1.227956e-13
0.4 1.1 0.8 1.29082e-05 -1.54809e-12 -1.29082e-05 5.622954e-14
0.45 1.1 0.8 8.22965e-06 -1.05249e-12 -8.22965e-06 2.643008e-14
0.5 1.1 0.8 4.343456e-06 -6.88338e-13 -4.34346e-06 1.19587e-14
0.55 1.1 0.8 1.748353e-06 -4.20997e-13 -1.74835e-06 5.063695e-15
0.6 1.1 0.8 5.234338e-07 -2.33591e-13 -5.23434e-07 2.378689e-15
0.65 1.1 0.8 1.234383e-07 -1.2701e-13 -1.23438e-07 1.608964e-15
0.7 1.1 0.8 2.393791e-08 -7.81597e-14 -2.39378e-08 1.443671e-15
0.75 1.1 0.8 3.71237e-09 -5.50671e-14 -3.71232e-09 1.416327e-15
0.8 1.1 0.8 1.933952e-14 -4.08562e-14 1.933952e-14 1.412641e-15
0.85 1.1 0.8 -7.07508e-10 -2.93099e-14 7.075361e-10 1.412868e-15
0.9 1.1 0.8 -9.50714e-10 -2.39808e-14 9.507366e-10 1.413339e-15
0.95 1.1 0.8 -1.17879e-09 -2.22045e-14 1.178813e-09 1.414021e-15
1.0 1.1 0.8 -1.44486e-09 -2.22045e-14 1.444886e-09 1.41495e-15
1.05 1.1 0.8 -1.76426e-09 -2.30926e-14 1.764286e-09 1.416194e-15
1.1 1.1 0.8 -2.14998e-09 -2.13163e-14 2.15e-09 1.417842e-15
0.0 1.1 0.85 5.741795e-05 -7.87903e-11 -5.74179e-05 6.47857e-11
0.05 1.1 0.85 5.171507e-05 -3.98614e-11 -5.17151e-05 2.879996e-11
0.1 1.1 0.85 4.60535e-05 -2.06848e-11 -4.60535e-05 1.202581e-11
0.15 1.1 0.85 4.043783e-05 -1.15428e-11 -4.04378e-05 4.830843e-12
0.2 1.1 0.85 3.487424e-05 -7.05569e-12 -3.48742e-05 1.913103e-12
0.25 1.1 0.85 2.937193e-05 -4.64873e-12 -2.93719e-05 7.650888e-13
0.3 1.1 0.85 2.394687e-05 -3.20188e-12 -2.39469e-05 3.169356e-13
0.35 1.1 0.85 1.863197e-05 -2.23821e-12 -1.8632e-05 1.391709e-13
0.4 1.1 0.85 1.350379e-05 -1.55254e-12 -1.35038e-05 6.512536e-14
0.45 1.1 0.85 8.743656e-06 -1.05072e-12 -8.74366e-06 3.143069e-14
0.5 1.1 0.85 4.726523e-06 -6.81233e-13 -4.72652e-06 1.457475e-14
0.55 1.1 0.85 1.963278e-06 -4.13891e-13 -1.96328e-06 6.179664e-15
0.6 1.1 0.85 6.056011e-07 -2.25597e-13 -6.05601e-07 2.732721e-15
0.65 1.1 0.85 1.463304e-07 -1.16351e-13 -1.4633e-07 1.69405e-15
0.7 1.1 0.85 2.917869e-08 -6.92779e-14 -2.91786e-08 1.459807e-15
0.75 1.1 0.85 4.959499e-09 -4.52971e-14 -4.95945e-09 1.418744e-15
0.8 1.1 0.85 7.075361e-10 -2.93099e-14 -7.07508e-10 1.412868e-15
0.85 1.1 0.85 9.236919e-15 -2.04281e-14 9.236919e-15 1.412089e-15
0.9 1.1 0.85 -1.29247e-10 -1.5099e-14 1.292592e-10 1.412131e-15
0.95 1.1 0.85 -1.74252e-10 -1.06581e-14 1.742617e-10 1.412219e-15
1.0 1.1 0.85 -2.1682e-10 -1.24345e-14 2.168314e-10 1.412346e-15
1.05 1.1 0.85 -2.66773e-10 -1.24345e-14 2.667846e-10 1.41252e-15
1.1 1.1 0.85 -3.27079e-10 -1.06581e-14 3.270882e-10 1.412753e-15
0.0 1.1 0.9 5.821045e-05 -8.38192e-11 -5.82104e-05 6.972558e-11
0.05 1.1 0.9 5.249261e-05 -4.23599e-11 -5.24926e-05 3.123364e-11
0.1 1.1 0.9 4.681487e-05 -2.18279e-11 -4.68149e-05 1.31202e-11
0.15 1.1 0.9 4.11815e-05 -1.20393e-11 -4.11815e-05 5.293656e-12
0.2 1.1 0.9 3.559823e-05 -7.26796e-12 -3.55982e-05 2.104255e-12
0.25 1.1 0.9 3.007354e-05 -4.74198e-12 -3.00735e-05 8.454352e-13
0.3 1.1 0.9 2.462208e-05 -3.24629e-12 -2.46221e-05 3.528628e-13
0.35 1.1 0.9 1.927384e-05 -2.25864e-12 -1.92738e-05 1.568956e-13
0.4 1.1 0.9 1.409868e-05 -1.56053e-12 -1.40987e-05 7.478015e-14
0.45 1.1 0.9 9.263643e-06 -1.05249e-12 -9.26364e-06 3.693052e-14
0.5 1.1 0.9 5.123498e-06 -6.80345e-13 -5.1235e-06 1.753272e-14
0.55 1.1 0.9 2.194689e-06 -4.07674e-13 -2.19469e-06 7.4952e-15
0.6 1.1 0.9 6.97623e-07 -2.1938e-13 -6.97623e-07 3.168848e-15
0.65 1.1 0.9 1.72525e-07 -1.10134e-13 -1.72525e-07 1.802861e-15
0.7 1.1 0.9 3.511853e-08 -6.30607e-14 -3.51185e-08 1.481286e-15
0.75 1.1 0.9 6.109784e-09 -3.81917e-14 -6.10975e-09 1.422219e-15
0.8 1.1 0.9 9.507366e-10 -2.39808e-14 -9.50714e-10 1.413339e-15
0.85 1.1 0.9 1.292592e-10 -1.5099e-14 -1.29247e-10 1.412131e-15
0.9 1.1 0.9 2.972783e-15 -7.10543e-15 2.972783e-15 1.411925e-15
0.95 1.1 0.9 -2.30539e-11 -4.44089e-15 2.305768e-11 1.411933e-15
1.0 1.1 0.9 -3.1138e-11 -6.21725e-15 3.114331e-11 1.411949e-15
1.05 1.1 0.9 -3.88218e-11 -7.10543e-15 3.882717e-11 1.411972e-15
1.1 1.1 0.9 -4.78692e-11 -4.44089e-15 4.787215e-11 1.412004e-15
0.0 1.1 0.95 5.899499e-05 -8.91696e-11 -5.8995e-05 7.498203e-11
0.05 1.1 0.95 5.326203e-05 -4.50475e-11 -5.3262e-05 3.384926e-11
0.1 1.1 0.95 4.756823e-05 -2.30669e-11 -4.75682e-05 1.430599e-11
0.15 1.1 0.95 4.191753e-05 -1.25819e-11 -4.19175e-05 5.797626e-12
0.2 1.1 0.95 3.631524e-05 -7.50333e-12 -3.63152e-05 2.312757e-12
0.25 1.1 0.95 3.076919e-05 -4.84857e-12 -3.07692e-05 9.329474e-13
0.3 1.1 0.95 2.529284e-05 -3.29514e-12 -2.52928e-05 3.918428e-13
0.35 1.1 0.95 1.991356e-05 -2.28439e-12 -1.99136e-05 1.76054e-13
0.4 1.1 0.95 1.469503e-05 -1.57474e-12 -1.4695e-05 8.522797e-14
0.45 1.1 0.95 9.790802e-06 -1.0596e-12 -9.7908e-06 4.294872e-14
0.5 1.1 0.95 5.534897e-06 -6.83009e-13 -5.5349e-06 2.085143e-14
0.55 1.1 0.95 2.443483e-06 -4.06786e-13 -2.44348e-06 9.030398e-15
0.6 1.1 0.95 8.007144e-07 -2.17604e-13 -8.00714e-07 3.700306e-15
0.65 1.1 0.95 2.026968e-07 -1.0747e-13 -2.02697e-07 1.940277e-15
0.7 1.1 0.95 4.206263e-08 -6.12843e-14 -4.20626e-08 1.509319e-15
0.75 1.1 0.95 7.437273e-09 -3.73035e-14 -7.43724e-09 1.426914e-15
0.8 1.1 0.95 1.178813e-09 -2.22045e-14 -1.17879e-09 1.414021e-15
0.85 1.1 0.95 1.742617e-10 -1.06581e-14 -1.74252e-10 1.412219e-15
0.9 1.1 0.95 2.305768e-11 -4.44089e-15 -2.30539e-11 1.411933e-15
0.95 1.1 0.95 7.569986e-16 -2.66454e-15 7.569986e-16 1.411836e-15
1.0 1.1 0.95 -4.05075e-12 -4.44089e-15 4.053876e-12 1.411838e-15
1.05 1.1 0.95 -5.47862e-12 -4.44089e-15 5.481769e-12 1.411841e-15
1.1 1.1 0.95 -6.84165e-12 -2.66454e-15 6.8424e-12 1.411846e-15
0.0 1.1 1.0 5.977529e-05 -9.48548e-11 -5.97753e-05 8.056988e-11
0.05 1.1 1.0 5.40267e-05 -4.79314e-11 -5.40267e-05 3.665784e-11
0.1 1.1 1.0 4.831667e-05 -2.44071e-11 -4.83167e-05 1.558994e-11
0.15 1.1 1.0 4.264877e-05 -1.31726e-11 -4.26488e-05 6.34619e-12
0.2 1.1 1.0 3.70279e-05 -7.7609e-12 -3.70279e-05 2.54014e-12
0.25 1.1 1.0 3.146129e-05 -4.96581e-12 -3.14613e-05 1.028256e-12
0.3 1.1 1.0 2.596128e-05 -3.35287e-12 -2.59613e-05 4.341236e-13
0.35 1.1 1.0 2.055285e-05 -2.31459e-12 -2.05529e-05 1.967425e-13
0.4 1.1 1.0 1.529401e-05 -1.5925e-12 -1.5294e-05 9.650818e-14
0.45 1.1 1.0 1.032559e-05 -1.06937e-12 -1.03256e-05 4.950647e-14
0.5 1.1 1.0 5.960717e-06 -6.8745e-13 -5.96072e-06 2.45501e-14
0.55 1.1 1.0 2.710184e-06 -4.10338e-13 -2.71018e-06 1.080604e-14
0.6 1.1 1.0 9.159474e-07 -2.1938e-13 -9.15947e-07 4.341853e-15
0.65 1.1 1.0 2.374657e-07 -1.10134e-13 -2.37466e-07 2.112123e-15
0.7 1.1 1.0 5.022739e-08 -6.21725e-14 -5.02273e-08 1.545468e-15
0.75 1.1 1.0 9.014604e-09 -3.90799e-14 -9.01457e-09 1.433138e-15
0.8 1.1 1.0 1.444886e-09 -2.22045e-14 -1.44486e-09 1.41495e-15
0.85 1.1 1.0 2.168314e-10 -1.24345e-14 -2.1682e-10 1.412346e-15
0.9 1.1 1.0 3.114331e-11 -6.21725e-15 -3.1138e-11 1.411949e-15
0.95 1.1 1.0 4.053876e-12 -4.44089e-15 -4.05075e-12 1.411838e-15
1.0 1.1 1.0 2.368387e-15 -6.21725e-15 2.368387e-15 1.411764e-15
1.05 1.1 1.0 -7.03094e-13 -5.32907e-15 7.078595e-13 1.411765e-15
1.1 1.1 1.0 -9.54828e-13 -3.55271e-15 9.571917e-13 1.411766e-15
0.0 1.1 1.05 6.055546e-05 -1.00887e-10 -6.05554e-05 8.65043e-11
0.05 1.1 1.05 5.479014e-05 -5.10187e-11 -5.47901e-05 3.967081e-11
0.1 1.1 1.05 4.906319e-05 -2.58522e-11 -4.90632e-05 1.697919e-11
0.15 1.1 1.05 4.337781e-05 -1.38103e-11 -4.33778e-05 6.943044e-12
0.2 1.1 1.05 3.773845e-05 -8.0389e-12 -3.77384e-05 2.788071e-12
0.25 1.1 1.05 3.215173e-05 -5.08926e-12 -3.21517e-05 1.132052e-12
0.3 1.1 1.05 2.662896e-05 -3.41149e-12 -2.6629e-05 4.799795e-13
0.35 1.1 1.05 2.11929e-05 -2.34568e-12 -2.11929e-05 2.190682e-13
0.4 1.1 1.05 1.589631e-05 -1.60849e-12 -1.58963e-05 1.086647e-13
0.45 1.1 1.05 1.086813e-05 -1.07825e-12 -1.08681e-05 5.66264e-14
0.5 1.1 1.05 6.400704e-06 -6.92779e-13 -6.4007e-06 2.864797e-14
0.55 1.1 1.05 2.995084e-06 -4.12115e-13 -2.99508e-06 1.284325e-14
0.6 1.1 1.05 1.04433e-06 -2.20268e-13 -1.04433e-06 5.109661e-15
0.65 1.1 1.05 2.77475e-07 -1.09246e-13 -2.77475e-07 2.325214e-15
0.7 1.1 1.05 5.983217e-08 -6.30607e-14 -5.98321e-08 1.59164e-15
0.75 1.1 1.05 1.089949e-08 -3.90799e-14 -1.08995e-08 1.441297e-15
0.8 1.1 1.05 1.764286e-09 -2.30926e-14 -1.76426e-09 1.416194e-15
0.85 1.1 1.05 2.667846e-10 -1.24345e-14 -2.66773e-10 1.41252e-15
0.9 1.1 1.05 3.882717e-11 -7.10543e-15 -3.88218e-11 1.411972e-15
0.95 1.1 1.05 5.481769e-12 -4.44089e-15 -5.47862e-12 1.411841e-15
1.0 1.1 1.05 7.078595e-13 -5.32907e-15 -7.03094e-13 1.411765e-15
1.05 1.1 1.05 2.397034e-15 -6.21725e-15 2.397034e-15 1.411698e-15
1.1 1.1 1.05 -1.21858e-13 -4.44089e-15 1.242496e-13 1.411698e-15
0.0 1.1 1.1 6.134044e-05 -1.0728e-10 -6.13404e-05 9.280078e-11
0.05 1.1 1.1 5.555649e-05 -5.43201e-11 -5.55565e-05 4.29e-11
0.1 1.1 1.1 4.981124e-05 -2.74083e-11 -4.98112e-05 1.848128e-11
0.15 1.1 1.1 4.410749e-05 -1.44977e-11 -4.41075e-05 7.592157e-12
0.2 1.1 1.1 3.844919e-05 -8.33467e-12 -3.84492e-05 3.05836e-12
0.25 1.1 1.1 3.284236e-05 -5.21982e-12 -3.28424e-05 1.245093e-12
0.3 1.1 1.1 2.729729e-05 -3.47278e-12 -2.72973e-05 5.297124e-13
0.35 1.1 1.1 2.183468e-05 -2.37499e-12 -2.18347e-05 2.431497e-13
0.4 1.1 1.1 1.650246e-05 -1.62448e-12 -1.65025e-05 1.217457e-13
0.45 1.1 1.1 1.14184e-05 -1.08624e-12 -1.14184e-05 6.43325e-14
0.5 1.1 1.1 6.854488e-06 -6.95444e-13 -6.85449e-06 3.316419e-14
0.55 1.1 1.1 3.298312e-06 -4.13891e-13 -3.29831e-06 1.516324e-14
0.6 1.1 1.1 1.186823e-06 -2.17604e-13 -1.18682e-06 6.02122e-15
0.65 1.1 1.1 3.234133e-07 -1.08358e-13 -3.23413e-07 2.587435e-15
0.7 1.1 1.1 7.11188e-08 -6.03961e-14 -7.11187e-08 1.650137e-15
0.75 1.1 1.1 1.315382e-08 -3.64153e-14 -1.31538e-08 1.451896e-15
0.8 1.1 1.1 2.15e-09 -2.13163e-14 -2.14998e-09 1.417842e-15
0.85 1.1 1.1 3.270882e-10 -1.06581e-14 -3.27079e-10 1.412753e-15
0.9 1.1 1.1 4.787215e-11 -4.44089e-15 -4.78692e-11 1.412004e-15
0.95 1.1 1.1 6.8424e-12 -2.66454e-15 -6.84165e-12 1.411846e-15
1.0 1.1 1.1 9.571917e-13 -3.55271e-15 -9.54828e-13 1.411766e-15
1.05 1.1 1.1 1.242496e-13 -4.44089e-15 -1.21858e-13 1.411698e-15
1.1 1.1 1.1 -5.15476e-18 -8.88178e-16 -5.15476e-18 1.411634e-15
